2014-06-03	1.2852		4.6950		4.6950		
2014-06-02	3.8888		4.6960		4.6960		
2014-05-30	1.2948		4.6870		4.6870		
2014-05-29	1.2741		4.6800		4.6800		
2014-05-28	1.2606		4.7110		4.7110		
2014-05-27	1.2878		4.7340		4.7340		
2014-05-26	1.2852		4.7560		4.7560		
2014-05-25	2.5864		4.8280		4.8280		
2014-05-23	1.2803		4.9660		4.9660		
2014-05-22	1.3340		5.0340		5.0340		
2014-05-21	1.3054		5.0640		5.0640		
2014-05-20	1.3298		5.1090		5.1090		
2014-05-19	1.4238		5.4090		5.4090		
2014-05-18	2.8501		5.3810		
2014-05-16	1.4104		5.2940		5.2940		
2014-05-15	1.3921		5.2540		5.2540		
2014-05-14	1.3911		5.1910		5.1910		
2014-05-13	1.9060		5.1920		5.1920		
2014-05-12	1.3695		4.9080		4.9080		
2014-05-11	2.6831		4.8970		4.8970		
2014-05-09	1.3344		4.8640		4.8640		
2014-05-08	1.2720		4.8510		4.8510		
2014-05-07	1.3919		4.8710		4.8710		
2014-05-06	1.3616		4.8260		4.8260		
2014-05-05	1.3494		4.8000		4.8000		
2014-05-04	5.2384		4.7890		4.7890		
2014-04-30	1.3060		4.7180		4.7180		
2014-04-29	1.3113		4.7430		4.7430		
2014-04-28	1.3293		4.7580		4.7580		
2014-04-27	2.5151		4.7860		4.7860		
2014-04-25	1.2622		4.9120		4.8640		
2014-04-24	1.3235		4.9700		4.9700		
2014-04-23	1.3539		4.9800		4.9800		
2014-04-22	1.3399		4.9560		4.9560		
2014-04-21	1.3841		4.9420		4.9420		
2014-04-20	2.7562		4.9200		4.9200		
2014-04-18	1.3730		4.9360		4.9360		
2014-04-17	1.3445		4.9250		4.9250		
2014-04-16	1.3078		4.8930		4.8930		
2014-04-15	1.3127		4.8800		4.8800		
2014-04-14	1.3421		4.8290		4.8950		
2014-04-13	2.7856		4.6780		4.6780		
2014-04-11	1.3516		4.3210		4.6840		
2014-04-10	1.2849		4.1730		4.1730		
2014-04-09	1.2820		4.2200		4.2200		
2014-04-08	1.2151		4.2700		4.3610		
2014-04-07	3.1541		4.3500		4.3500		
2014-04-04	1.0659		4.8970		4.8970		
2014-04-03	1.3750		5.0760		5.0760		
2014-04-02	1.3781		5.0860		5.0860		
2014-04-01	1.3697		5.0870		5.0870		
2014-03-31	1.3797		5.0790		5.0790		
2014-03-30	2.8226		5.0520		5.0520		
2014-03-28	1.4097		5.0610		5.0120		
2014-03-27	1.3939		5.0630		5.0630		
2014-03-26	1.3798		5.0680		5.0680		
2014-03-25	1.3552		5.0890		5.0890		
2014-03-24	1.3274		5.1250		5.1250		
2014-03-23	2.8396		5.1840		5.1840		
2014-03-21	1.4133		5.2200		5.2200		
2014-03-20	1.4032		5.2360		5.2360		
2014-03-19	1.4219		5.2580		5.2580		
2014-03-18	1.4240		5.2640		5.2640		
2014-03-17	1.4401		5.2660		5.2660		
2014-03-16	2.9077		5.2590		5.2590		
2014-03-14	1.4453		5.2310		5.2390		
2014-03-13	1.4442		5.2180		5.2180		
2014-03-12	1.4341		5.2030		5.2030		
2014-03-11	1.4278		5.2030		5.2030		
2014-03-10	1.4257		5.1850		5.1850		
2014-03-09	2.8547		5.0390		5.0390		
2014-03-07	1.4198		4.7570		4.7570		
2014-03-06	1.4163		4.6140		4.6140		
2014-03-05	1.4339		4.4610		4.4610		
2014-03-04	1.3932		4.3240		4.3240		
2014-03-03	1.1463		5.3500		5.3500		
2014-03-02	2.3144		5.4380		5.4380		
2014-02-28	1.1453		5.6780		5.9240		
2014-02-27	1.1216		5.7990		5.7990		
2014-02-26	1.1717		5.9170		5.9170		
2014-02-25	3.3603		6.0270		6.0270		
2014-02-24	1.3162		4.9710		4.9710		
2014-02-23	2.7746		5.0660		5.0660		
2014-02-21	1.3770		5.2090		5.0670		
2014-02-20	1.3476		5.2800		5.2800		
2014-02-19	1.3837		5.3420		5.3420		
2014-02-18	1.3340		5.3430		5.3430		
2014-02-17	1.4993		5.0460		5.0460		
2014-02-16	3.0476		4.9750		4.9750		
2014-02-14	1.5146		4.6810		4.6810		
2014-02-13	1.4653		4.3990		4.3390		
2014-02-12	1.3852		3.9240		3.9240		
2014-02-11	0.7650		2.7920		2.7920		
2014-02-10	0.0000		0.0000		0.0000		
2014-02-09	0.0000		0.0000		0.0000		
2014-02-07	0.0000		0.0000		0.0000		
2014-02-06	0.0000		0.0000		0.0000		
2014-01-30	0.0000		0.0000		0.0000		
2014-01-29	0.0000		0.0000		
2014-01-28	0.0000		0.0000		
2014-01-27	0.0000		0.0000		
2014-01-26	0.0000		0.0000		
2014-01-24	0.0000		0.0000		
2014-01-23	0.0000		0.0000		
2014-01-22	0.0000		0.0000		
2014-01-21	0.0000		0.0000		
2014-01-20	1.5198		5.7080		5.7080		
2014-01-19	3.0938		5.7460		5.7460		
2014-01-17	1.5234		5.7670		5.7850		
2014-01-16	1.6863		5.7760		5.7760		
2014-01-15	1.5690		5.5410		5.5410		
2014-01-14	1.5550		5.6210		5.6210		
2014-01-13	1.5913		5.6450		5.6450		
2014-01-12	3.1348		5.6180		5.6180		
2014-01-10	1.5408		5.5660		5.5660		
2014-01-09	1.2361		5.5460		5.5460		
2014-01-08	1.7211		5.8880		6.0640		
2014-01-07	1.6015		5.8450		5.8450		
2014-01-06	0.0000		0.0000		0.0000		
2014-01-05	0.0000		0.0000		0.0000		
2014-01-03	0.0000		0.0000		
2014-01-02	0.0000		0.0000		0.0000		
2014-01-01	0.0000		0.0000		0.0000		
2013-12-31	0.0000		0.0000		
2013-12-30	0.0000		0.0000		0.0000		
2013-12-29	0.0000		0.0000		
2013-12-27	0.0000		0.0000		
2013-12-26	0.0000		0.0000		
2013-12-25	0.0000		0.0000		0.0000		
2013-12-24	1.4154		5.1800		5.1800		
2013-12-23	1.4440		5.2050		5.2050		
2013-12-22	2.8064		5.1990		5.1990		
2013-12-20	1.4114		5.2960		5.2960		
2013-12-19	1.4286		5.3260		5.3260		
2013-12-18	1.4294		5.3280		5.3280		
2013-12-17	1.4621		5.3310		5.3310		
2013-12-16	1.4335		5.3010		5.3010		
2013-12-15	2.9909		5.3070		5.3070		
2013-12-13	1.4692		5.2700		5.2700		
2013-12-12	1.4332		5.2580		5.2580		
2013-12-11	1.4351		5.2330		5.2330		
2013-12-10	1.4050		5.2520		5.2520		
2013-12-09	1.4449		5.2700		5.2700		
2013-12-08	2.9204		5.2790		
2013-12-06	1.4455		5.2820		5.2580		
2013-12-05	1.3844		5.2880		5.2880		
2013-12-04	1.4727		5.3300		5.3300		
2013-12-03	1.4380		5.2950		5.2950		
2013-12-02	1.4627		5.2450		5.2450		
2013-12-01	2.9268		5.1740		
2013-11-29	1.4567		5.1110		5.1070		
2013-11-28	1.4654		5.0840		5.0840		
2013-11-27	1.4057		5.0590		5.0590		
2013-11-26	1.3423		5.0340		
2013-11-25	1.3261		5.0590		5.0590		
2013-11-24	2.8057		5.0480		
2013-11-22	1.4042		5.0620		5.0180		
2013-11-21	1.4182		5.0660		5.0660		
2013-11-20	1.3574		5.0560		5.0560		
2013-11-19	1.3904		5.0730		5.0730		
2013-11-18	1.3044		5.0740		5.0740		
2013-11-17	2.8327		5.1070		
2013-11-15	1.4126		5.0000		5.0820		
2013-11-14	1.3999		4.9280		
2013-11-13	1.3884		4.9230		4.9230		
2013-11-12	1.3932		4.9170		4.9170		
2013-11-11	1.3671		4.8870		4.8870		
2013-11-10	2.6273		4.8790		
2013-11-08	1.2749		4.9330		4.9130		
2013-11-07	1.3906		4.9770		4.9770		
2013-11-06	1.3770		4.9410		4.9410		
2013-11-05	1.3364		4.9020		4.9020		
2013-11-04	1.3518		4.9230		4.9230		
2013-11-03	2.7293		4.9320		
2013-11-01	1.3601		4.9450		4.9130		
2013-10-31	1.3219		4.9430		4.9430		
2013-10-30	1.3008		4.9370		4.9370		
2013-10-29	1.3768		4.9410		4.9410		
2013-10-28	1.3701		4.9100		4.9100		
2013-10-27	2.7543		4.9060		
2013-10-25	1.3549		4.8720		4.8580		
2013-10-24	1.3109		4.8450		4.8450		
2013-10-23	1.3085		4.8150		4.8150		
2013-10-22	1.3174		4.7610		4.7610		
2013-10-21	1.3632		4.7360		4.7360		
2013-10-20	2.6882		4.7110		
2013-10-18	1.3038		4.7360		4.6330		
2013-10-17	1.2529		4.7540		4.7540		
2013-10-16	1.2046		4.7860		5.7860		
2013-10-15	1.2699		5.9850		5.9850		
2013-10-14	1.3159		6.0150		6.2100		
2013-10-13	2.7360		6.0260		
2013-10-11	1.3385		5.9950		7.4900		
2013-10-10	1.3128		5.9950		8.7920		
2013-10-09	3.5046		6.0080		
2013-10-08	1.3274		4.8780		4.9170		
2013-10-07	9.3662		4.8840		
2013-09-30	1.3381		4.6600		4.6600		
2013-09-29	2.7719		4.4690		
2013-09-27	1.3624		3.9890		
2013-09-26	1.1672		3.7620		4.2150		
2013-09-25	1.2089		3.6360		3.9770		
2013-09-24	1.0880		3.4890		3.4890		
2013-09-23	0.9720		3.4870		3.6940		
2013-09-22	3.7039		3.5830		
2013-09-18	0.9276		3.9220		3.9220		
2013-09-17	1.0843		3.9700		3.9700		
2013-09-16	1.1565		3.9490		3.9490		
2013-09-15	2.2187		3.8810		
2013-09-13	1.0682		3.8120		3.8130		
2013-09-12	1.0659		3.7910		3.7910		
2013-09-11	1.0191		3.7620		3.7620		
2013-09-10	1.0452		3.7010		3.7010		
2013-09-09	1.0255		3.6710		3.6710		
2013-09-08	2.0859		3.6550		
2013-09-06	1.0290		3.6600		3.6600		
2013-09-05	1.0095		3.6460		3.6460		
2013-09-04	0.9020		3.6660		3.6660		
2013-09-03	0.9888		3.7520		3.7520		
2013-09-02	0.9950		3.7850		3.7850		
2013-09-01	2.0958		3.8500		
2013-08-30	1.0004		3.9200		3.8600		
2013-08-29	1.0478		3.9590		3.9590		
2013-08-28	1.0680		3.9560		3.9560		
2013-08-27	1.0526		3.9290		3.9290		
2013-08-26	1.1182		3.8760		3.8760		
2013-08-25	2.2315		3.7610		
2013-08-23	1.0737		3.5440		3.5440		
2013-08-22	1.0425		3.4450		3.4450		
2013-08-21	1.0166		3.3270		3.3270		
2013-08-20	0.9505		3.2380		3.2380		
2013-08-19	0.8974		3.1760		3.1760		
2013-08-18	1.8152		3.1710		
2013-08-16	0.8840		3.1820		
2013-08-15	0.8164		3.1870		3.1870		
2013-08-14	0.8460		3.2390		3.2390		
2013-08-13	0.8314		3.2990		3.2990		
2013-08-12	0.8888		3.3850		3.3850		
2013-08-11	1.8362		3.4980		
2013-08-09	0.8931		3.7700		
2013-08-08	0.9158		3.9020		3.9020		
2013-08-07	0.9620		4.0870		4.0870		
2013-08-06	0.9962		4.2830		4.2830		
2013-08-05	1.1047		4.4590		4.4590		
2013-08-04	2.3501		4.5900		
2013-08-02	1.1548		4.7640		
2013-08-01	1.2713		4.8520		4.8520		
2013-07-31	1.3365		4.8240		4.8240		
2013-07-30	1.3348		4.7310		4.7310		
2013-07-29	1.3549		4.5830		4.5830		
2013-07-28	2.6833		4.3630		
2013-07-26	1.3236		3.9140		
2013-07-25	1.2190		3.6850		3.6850		
2013-07-24	1.1567		3.4610		3.4610		
2013-07-23	1.0515		3.3360		3.3360		
2013-07-22	0.9339		3.2590		3.2590		
2013-07-21	1.8212		3.2460		
2013-07-19	0.8843		3.2230		
2013-07-18	0.7905		3.2150		3.2150		
2013-07-17	0.9156		3.2700		
2013-07-16	0.9047		3.2400		
2013-07-15	0.9083		3.1860		3.4020		
2013-07-14	1.7770		3.1710		
2013-07-12	0.8694		3.2010		
2013-07-11	0.8996		3.2110		
2013-07-10	0.8541		3.3610		
2013-07-09	0.8017		3.5150		
2013-07-08	0.8796		3.6190		
2013-07-07	1.8353		3.7950		
2013-07-05	0.8886		4.4420		
2013-07-04	1.1860		4.6050		
2013-07-03	1.1501		4.0400		
2013-07-02	1.0004		5.3430		
2013-07-01	1.2171		6.7300		
2013-06-30	3.0762		8.0030		
2013-06-28	1.2014		
2013-06-27	0.0932		
2013-06-26	3.6594		
2013-06-25	3.6594		
2013-06-24	3.6594		
2013-06-23	7.3188		
