2014-06-03	1.2422		4.5280		4.8060		
2014-06-02	3.7235		4.5330		4.8220		
2014-05-30	1.2412		4.6590		
2014-05-29	1.2410		4.7160		4.8900		
2014-05-28	1.2357		4.7720		4.9050		
2014-05-27	1.2515		4.8300		4.9180		
2014-05-26	1.2637		4.8730		4.9310		
2014-05-25	2.7024		4.9130		4.9560		
2014-05-23	1.3510		4.9020		
2014-05-22	1.3477		4.8950		4.9630		
2014-05-21	1.3460		4.8930		4.7350		
2014-05-20	1.3355		4.8890		4.9790		
2014-05-19	1.3405		4.8930		4.9830		
2014-05-18	2.6805		4.8960		5.0350		
2014-05-16	1.3380		4.9200		
2014-05-15	1.3435		4.9320		5.0590		
2014-05-14	1.3384		4.9440		5.0730		
2014-05-13	1.3425		4.9600		5.0790		
2014-05-12	1.3473		4.9660		5.0860		
2014-05-11	2.7256		4.9760		4.0750		
2014-05-09	1.3614		4.9820		
2014-05-08	1.3670		4.9860		5.1430		
2014-05-07	1.3693		4.9870		5.1490		
2014-05-06	1.3530		4.9860		5.1540		
2014-05-05	1.3667		4.9910		5.1620		
2014-05-04	5.4752		4.9930		5.1880		
2014-04-30	1.3678		5.0140		
2014-04-29	1.3626		5.0300		5.2210		
2014-04-28	1.3694		5.0810		5.2320		
2014-04-27	2.7471		5.1280		5.2430		
2014-04-25	1.3719		5.2070		
2014-04-24	1.3971		5.2460		5.2700		
2014-04-23	1.3981		5.2770		5.2760		
2014-04-22	1.4605		5.3080		5.2820		
2014-04-21	1.4595		5.3050		5.2860		
2014-04-20	2.8992		5.3000		5.3380		
2014-04-18	1.4471		5.2970		
2014-04-17	1.4550		5.2950		5.3610		
2014-04-16	1.4587		5.2950		5.3630		
2014-04-15	1.4552		5.2920		5.3640		
2014-04-14	1.4497		5.2860		5.3870		
2014-04-13	2.8923		5.2790		5.4720		
2014-04-11	1.4447		5.2700		
2014-04-10	1.4545		5.2650		5.5030		
2014-04-09	1.4521		5.2550		5.5100		
2014-04-08	1.4444		5.2530		5.5890		
2014-04-07	4.3107		5.2470		5.5890		
2014-04-04	1.4363		5.2660		
2014-04-03	1.4344		5.2710		5.6440		
2014-04-02	1.4484		5.2720		5.6580		
2014-04-01	1.4338		5.2590		5.6710		
2014-03-31	1.4519		5.2820		5.6860		
2014-03-30	2.8949		5.3010		5.7060		
2014-03-28	1.4457		5.3790		
2014-03-27	1.4358		5.4240		5.7660		
2014-03-26	1.4226		5.4820		5.7860		
2014-03-25	1.4791		5.5770		5.8160		
2014-03-24	1.4882		5.6490		5.8410		
2014-03-23	3.0451		5.7250		5.8730		
2014-03-21	1.5307		5.8470		
2014-03-20	1.5482		5.9020		5.9640		
2014-03-19	1.6037		5.9320		5.9910		
2014-03-18	1.6181		5.9340		6.0140		
2014-03-17	1.6347		5.9250		6.0330		
2014-03-16	3.2776		5.9120		6.0560		
2014-03-14	1.6357		5.8840		
2014-03-13	1.6066		5.8720		6.1070		
2014-03-12	1.6069		5.8760		6.1330		
2014-03-11	1.6007		5.8800		6.1590		
2014-03-10	1.6098		5.8890		6.1840		
2014-03-09	3.2255		5.8860		6.2070		
2014-03-07	1.6127		5.8730		
2014-03-06	1.6132		5.8660		6.2460		
2014-03-05	1.6148		5.8560		6.2600		
2014-03-04	1.6188		5.8740		6.2760		
2014-03-03	1.6033		5.9000		6.2930		
2014-03-02	3.1999		5.9700		6.4730		
2014-02-28	1.6006		6.1280		
2014-02-27	1.5926		6.2140		6.5380		
2014-02-26	1.6495		6.3010		6.5620		
2014-02-25	1.6686		6.3680		6.5810		
2014-02-24	1.7389		6.4200		6.5980		
2014-02-23	3.5014		6.4540		6.5950		
2014-02-21	1.7657		6.4720		
2014-02-20	1.7603		6.4750		6.6160		
2014-02-19	1.7775		6.5010		6.6220		
2014-02-18	1.7680		6.5140		6.6270		
2014-02-17	1.8050		6.5270		6.6270		
2014-02-16	3.5350		6.5180		6.6130		
2014-02-14	1.7711		6.6040		
2014-02-13	1.8109		6.6450		6.6240		
2014-02-12	1.8018		6.6670		6.6240		
2014-02-11	1.7934		6.6930		6.6260		
2014-02-10	1.7873		6.7230		6.6280		
2014-02-09	3.7007		6.7570		6.6200		
2014-02-07	1.8501		6.7580		
2014-02-06	12.962		6.7590		6.5700		
2014-01-30	1.8505		6.5700		
2014-01-29	1.8281		6.5480		6.5200		
2014-01-28	1.8102		6.5490		6.5140		
2014-01-27	1.8018		6.5570		6.5090		
2014-01-26	3.5417		6.5410		6.6780		
2014-01-24	1.7679		6.5640		
2014-01-23	1.8087		6.5770		6.6800		
2014-01-22	1.8302		6.5600		6.6820		
2014-01-21	1.8258		6.5350		6.6820		
2014-01-20	1.7703		6.5100		6.6530		
2014-01-19	3.5864		6.5290		6.5160		
2014-01-17	1.7924		6.5450		
2014-01-16	1.7749		6.5520		6.4840		
2014-01-15	1.7828		6.5540		6.4840		
2014-01-14	1.7784		6.5550		6.4830		
2014-01-13	1.8070		6.5670		6.4520		
2014-01-12	3.6166		6.5460		6.3130		
2014-01-10	1.8060		6.4850		
2014-01-09	1.7786		6.4450		6.2600		
2014-01-08	1.7849		6.4370		6.2520		
2014-01-07	1.8006		6.4240		6.2430		
2014-01-06	1.7672		6.4090		6.2080		
2014-01-05	3.5000		6.4090		6.0900		
2014-01-03	1.7281		6.4620		
2014-01-02	1.7638		7.0700		6.0450		
2014-01-01	1.7600		7.0760		6.0320		
2013-12-31	1.7729		7.3030		
2013-12-30	1.7657		7.2450		6.0020		
2013-12-29	3.6032		7.1560		5.9080		
2013-12-27	2.8933		6.9220		
2013-12-26	1.7759		6.2350		5.6940		
2013-12-25	2.1957		6.1170		5.6600		
2013-12-24	1.6610		5.7780		5.5790		
2013-12-23	1.5953		5.7090		5.5610		
2013-12-22	3.1536		5.6780		5.5380		
2013-12-20	1.5768		5.6310		
2013-12-19	1.5490		5.6060		5.5100		
2013-12-18	1.5461		5.5860		5.4980		
2013-12-17	1.5280		5.5680		5.4930		
2013-12-16	1.5366		5.5610		5.4900		
2013-12-15	3.0626		5.5550		5.3390		
2013-12-13	1.5292		5.5250		
2013-12-12	1.5110		5.5100		5.3090		
2013-12-11	1.5108		5.5070		5.2970		
2013-12-10	1.5154		5.4980		5.2900		
2013-12-09	1.5242		5.4930		5.2810		
2013-12-08	3.0047		5.4790		5.2630		
2013-12-06	1.5019		5.4780		
2013-12-05	1.5054		5.4760		5.2410		
2013-12-04	1.4934		5.4850		5.2320		
2013-12-03	1.5043		5.4890		5.2250		
2013-12-02	1.4987		5.4820		5.2150		
2013-12-01	3.0012		5.4850		5.2100		
2013-11-29	1.4997		5.4800		
2013-11-28	1.5228		5.4770		5.1840		
2013-11-27	1.4999		5.4650		5.1720		
2013-11-26	1.4913		5.4470		5.1610		
2013-11-25	1.5049		5.4250		5.1500		
2013-11-24	2.9915		5.1820		5.1340		
2013-11-22	1.4937		5.0990		
2013-11-21	1.4999		4.8540		5.1020		
2013-11-20	1.4654		4.7680		5.0900		
2013-11-19	1.4486		4.7410		5.0810		
2013-11-18	1.0388		4.7260		5.0780		
2013-11-17	2.8332		4.9270		5.1350		
2013-11-15	1.0224		4.9430		
2013-11-14	1.3361		5.1550		5.1810		
2013-11-13	1.4128		5.2040		5.1910		
2013-11-12	1.4197		5.2200		5.1930		
2013-11-11	1.4249		5.2280		5.1930		
2013-11-10	2.8631		5.2390		5.1970		
2013-11-08	1.4299		5.2490		
2013-11-07	1.4307		5.2540		5.1940		
2013-11-06	1.4428		5.2460		5.1940		
2013-11-05	1.4352		5.2310		5.1910		
2013-11-04	1.4453		5.2270		5.1890		
2013-11-03	2.8821		5.2040		5.1860		
2013-11-01	1.4395		5.1620		
2013-10-31	1.4156		5.1410		5.1760		
2013-10-30	1.4147		5.1280		5.1810		
2013-10-29	1.4265		5.1250		5.1820		
2013-10-28	1.4011		5.1130		5.1810		
2013-10-27	2.8015		5.1270		5.2070		
2013-10-25	1.3997		5.1460		
2013-10-24	1.3910		5.1560		5.2130		
2013-10-23	1.4091		5.1700		5.2480		
2013-10-22	1.4024		5.1870		5.2520		
2013-10-21	1.4288		5.2040		5.2570		
2013-10-20	2.8381		5.2000		5.2520		
2013-10-18	1.4187		5.2140		
2013-10-17	1.4181		5.2200		5.2060		
2013-10-16	1.4416		5.2300		5.1990		
2013-10-15	1.4359		5.2210		5.1970		
2013-10-14	1.4212		5.2250		5.1950		
2013-10-13	2.8634		5.2350		5.1420		
2013-10-11	1.4301		5.2450		
2013-10-10	1.4370		5.2510		5.1220		
2013-10-09	1.4244		5.2530		5.1090		
2013-10-08	1.4444		5.2620		5.1060		
2013-10-07	10.088		5.2600		5.0180		
2013-09-30	1.4396		5.3370		
2013-09-29	2.8595		5.3130		4.9190		
2013-09-27	1.4266		5.2320		
2013-09-26	1.4343		5.1930		4.8900		
2013-09-25	1.3943		5.1500		4.8780		
2013-09-24	1.6812		5.1260		4.8710		
2013-09-23	1.3942		4.9580		4.8280		
2013-09-22	5.4065		4.9280		4.8560		
2013-09-18	1.3498		4.8800		
2013-09-17	1.3589		4.8610		4.8430		
2013-09-16	1.3358		4.8430		4.8410		
2013-09-15	2.6550		4.8330		4.8530		
2013-09-13	1.3253		4.8020		
2013-09-12	1.3350		4.7870		4.8560		
2013-09-11	1.3120		4.7690		4.8560		
2013-09-10	1.3252		4.7630		4.8580		
2013-09-09	1.3166		4.7320		4.8630		
2013-09-08	2.5950		4.7200		4.8770		
2013-09-06	1.2970		4.7120		
2013-09-05	1.2996		4.7080		4.8900		
2013-09-04	1.3003		4.7140		4.8950		
2013-09-03	1.2663		4.7310		4.9000		
2013-09-02	1.2936		4.7690		4.9110		
2013-09-01	2.5807		4.7940		4.9090		
2013-08-30	1.2886		4.8820		
2013-08-29	1.3119		4.9250		4.9230		
2013-08-28	1.3316		4.9590		4.9280		
2013-08-27	1.3395		5.0060		4.9300		
2013-08-26	1.3422		5.0090		4.9340		
2013-08-25	2.7485		5.0120		5.0080		
2013-08-23	1.3720		4.9850		
2013-08-22	1.3761		4.9710		5.0600		
2013-08-21	1.4219		4.9560		5.0610		
2013-08-20	1.3462		4.9220		5.0570		
2013-08-19	1.3470		4.9250		5.1090		
2013-08-18	2.6962		4.9340		5.2520		
2013-08-16	1.3463		4.9420		
2013-08-15	1.3462		4.9470		5.2660		
2013-08-14	1.3568		4.9440		5.2780		
2013-08-13	1.3531		4.9460		5.2890		
2013-08-12	1.3631		4.9380		5.2770		
2013-08-11	2.7128		4.9330		5.5120		
2013-08-09	1.3555		4.9070		
2013-08-08	1.3409		4.8940		5.6310		
2013-08-07	1.3603		4.8890		5.6550		
2013-08-06	1.3371		4.8730		5.6790		
2013-08-05	1.3540		4.8540		5.7870		
2013-08-04	2.6629		4.8640		5.9320		
2013-08-02	1.3301		4.9720		
2013-08-01	1.3325		5.0270		6.1140		
2013-07-31	1.3290		5.1060		6.1550		
2013-07-30	1.2999		5.2610		6.2000		
2013-07-29	1.3730		5.5310		6.2520		
2013-07-28	2.8713		5.7340		6.5220		
2013-07-26	1.4361		6.0300		
2013-07-25	1.4838		6.1780		6.6470		
2013-07-24	1.6262		6.3040		6.6530		
2013-07-23	1.8168		6.1610		6.6780		
2013-07-22	1.7632		5.8830		6.6790		
2013-07-21	3.4382		5.6210		6.1850		
2013-07-19	1.7193		5.7130		
2013-07-18	1.7260		5.7600		6.0700		
2013-07-17	1.3524		5.8550		5.9680		
2013-07-16	1.2833		6.1580		
2013-07-15	1.2614		6.5630		6.0510		
2013-07-14	3.6133		7.0510		5.7040		
2013-07-12	1.8104		7.4650		
2013-07-11	1.9080		7.6680		5.6080		
2013-07-10	1.9331		7.3960		5.5580		
2013-07-09	2.0601		6.9140		5.5000		
2013-07-08	2.1973		7.0330		5.4200		
2013-07-07	4.4068		6.8960		4.8310		
2013-07-05	2.2009		6.9680		
2013-07-04	1.3855		6.7150		4.4650		
2013-07-03	1.0100		7.2400		4.4110		
2013-07-02	2.2878		7.6330		4.4360		
2013-07-01	1.9335		7.2380		4.2960		
2013-06-30	4.5454		6.8500		
2013-06-28	1.7150		5.3730		
2013-06-27	2.3935		4.9380		3.7090		
2013-06-26	1.7633		4.1920		3.5410		
2013-06-25	1.5303		3.7040		3.4420		
2013-06-24	1.1904		3.3710		3.3680		
2013-06-23	1.7123		3.2310		3.3590		
2013-06-21	0.8794		3.2000		
2013-06-20	0.9642		3.1120		3.3860		
2013-06-19	0.8271		3.0740		3.3820		
2013-06-18	0.8909		3.1300		3.3940		
2013-06-17	0.9216		3.1520		3.4050		
2013-06-16	1.6533		3.1590		3.4270		
2013-06-14	0.7114		3.2710		
2013-06-13	0.8914		3.3860		3.4820		
2013-06-12	4.6697		3.4100		3.4910		
2013-06-07	0.9333		3.4600		
2013-06-06	0.9375		3.4720		3.5070		
2013-06-05	0.9489		3.4880		3.5100		
2013-06-04	0.9464		3.5000		3.5120		
2013-06-03	0.9545		3.5120		3.5130		
2013-06-02	1.9146		3.5090		3.5130		
2013-05-30	0.9681		3.5110		3.5160		
2013-05-29	0.9711		3.5040		3.5150		
2013-05-28	0.9703		3.5040		3.5140		
2013-05-27	0.9493		3.5090		3.5130		
2013-05-26	1.9176		3.5230		3.5220		
2013-05-24	0.9578		3.5360		
2013-05-23	0.9544		3.5420		3.5240		
2013-05-22	0.9710		3.5510		3.5250		
2013-05-21	0.9794		3.5490		3.5240		
2013-05-20	0.9765		3.5380		3.5230		
2013-05-19	1.9420		3.5300		3.5080		
2013-05-17	0.9703		3.5150		
2013-05-16	0.9714		3.5080		3.5000		
2013-05-15	0.9659		3.5020		3.4960		
2013-05-14	0.9585		3.4980		3.4950		
2013-05-13	0.9612		3.4970		3.4950		
2013-05-12	1.9130		3.4950		3.4640		
2013-05-10	0.9569		3.4990		
2013-05-09	0.9604		3.5010		3.4780		
2013-05-08	0.9582		3.5090		4.4790		
2013-05-07	0.9575		3.5160		4.5130		
2013-05-06	0.9568		3.5230		4.5490		
2013-05-05	1.9209		3.5310		4.5670		
2013-05-03	0.9600		3.5420		
2013-05-02	0.9756		3.5480		4.5350		
2013-05-01	4.8575		3.5420		4.4710		
2013-04-26	0.9714		3.5050		
2013-04-25	0.9644		3.4810		4.6290		
2013-04-24	0.9584		3.4570		4.6660		
2013-04-23	0.9659		3.4430		4.7060		
2013-04-22	1.0108		3.4280		4.7260		
2013-04-21	1.8505		3.3700		4.6590		
2013-04-19	0.9255		3.3190		
2013-04-18	0.9198		3.3010		4.7630		
2013-04-17	0.9301		3.3300		4.8100		
2013-04-16	0.9368		3.4120		4.8590		
2013-04-15	0.9004		7.7130		4.8790		
2013-04-14	1.7518		7.8160		4.7900		
2013-04-12	0.8915		8.0020		
2013-04-11	0.9760		8.0870		4.9100		
2013-04-10	1.0877		8.1280		4.9550		
2013-04-09	9.1847		8.1090		4.9890		
2013-04-08	1.0983		3.8900		3.9640		
2013-04-07	4.2179		3.8690		3.9470		
2013-04-03	1.0514		3.9890		
2013-04-02	1.0928		3.9850		
2013-04-01	1.0587		3.9640		4.0560		
2013-03-31	2.2267		3.9960		4.0630		
2013-03-29	1.1067		4.0010		
2013-03-28	1.1130		4.0060		4.2750		
2013-03-27	1.0456		4.0090		4.4080		
2013-03-26	1.0514		4.0450		4.4060		
2013-03-25	1.1195		4.0730		4.4020		
2013-03-24	2.2363		4.0610		4.3930		
2013-03-22	1.1166		4.0380		
2013-03-21	1.1185		4.0290		4.3730		
2013-03-20	1.1148		4.0260		4.3670		
2013-03-19	1.1049		3.9850		4.3610		
2013-03-18	1.0972		3.9520		4.3580		
2013-03-17	2.1927		3.9240		4.3710		
2013-03-15	1.0981		3.8930		
2013-03-14	1.1127		3.8750		4.4170		
2013-03-13	1.0374		3.8470		4.4330		
2013-03-12	1.0412		3.8540		4.4620		
2013-03-11	1.0440		3.8650		4.4940		
2013-03-10	2.1327		4.2720		4.5010		
2013-03-08	1.0631		4.2320		
2013-03-07	1.0604		5.1930		4.3090		
2013-03-06	1.0506		5.7520		4.3010		
2013-03-05	1.0622		5.7410		4.2930		
2013-03-04	1.8233		5.7190		4.2770		
2013-03-03	2.0559		5.3130		4.1670		
2013-03-01	2.9059		5.3550		
2013-02-28	2.1329		4.3960		4.2560		
2013-02-27	1.0298		3.8440		4.1380		
2013-02-26	1.0192		3.8650		4.1510		
2013-02-25	1.0192		3.8650		4.1510		
2013-02-24	2.1353		3.9180		4.0820		
2013-02-22	1.0667		3.8850		
2013-02-21	1.0746		3.8690		4.2040		
2013-02-20	1.0708		3.8490		4.2130		
2013-02-19	1.0813		3.8310		4.2240		
2013-02-18	1.0843		3.8080		4.2200		
2013-02-17	9.3274		3.7830		4.1930		
2013-02-08	1.0302		3.6160		
2013-02-07	0.9935		3.5990		4.3150		
2013-02-06	0.9930		3.5970		4.3380		
2013-02-05	0.9415		4.7260		4.3630		
2013-02-04	0.9800		5.2760		4.3810		
2013-02-03	1.9975		5.2790		
2013-02-01	0.9965		5.2700		
2013-01-31	0.9905		5.2490		4.4240		
2013-01-30	3.1571		5.2710		4.4540		
2013-01-29	1.9972		4.1650		4.1820		
2013-01-28	0.9848		4.1660		4.0250		
2013-01-25	0.9553		4.2560		
2013-01-24	1.0335		4.3030		4.2740		
2013-01-23	1.0357		4.3070		4.2910		
2013-01-22	1.9988		4.3020		4.3090		
2013-01-21	1.0478		4.2750		4.1630		
2013-01-20	2.0919		4.2560		4.1480		
2013-01-18	1.0455		4.2810		
2013-01-17	1.0412		4.2940		4.2830		
2013-01-16	1.0250		4.3060		4.2990		
2013-01-15	1.9465		4.3290		4.3180		
2013-01-14	1.0116		3.8670		4.1930		
2013-01-13	2.1412		3.9040		4.2250		
2013-01-11	1.0702		3.8670		
2013-01-10	1.0642		3.8480		4.3570		
2013-01-09	1.0691		3.8400		
2013-01-08	1.0602		3.8300		
2013-01-07	1.0821		3.8240		4.3350		
2013-01-06	2.0709		3.8030		4.1490		
2013-01-04	1.0333		3.8800		
2012-12-31	1.0421		4.8420		
2012-12-28	1.1064		4.5350		
2012-12-27	1.0786		4.4360		4.3930		
2012-12-26	1.5752		4.3550		4.3440		
2012-12-25	2.2663		4.4750		
2012-12-24	0.8382		4.3410		4.1540		
2012-12-21	0.9169		4.4270		
2012-12-20	0.9237		4.4380		4.2060		
2012-12-19	1.8054		4.4320		4.2220		
2012-12-18	2.0084		4.6200		4.0520		
2012-12-17	0.9537		4.6220		4.0210		
2012-12-16	1.8823		4.4540		4.0520		
2012-12-14	0.9384		4.1690		
2012-12-13	0.9111		4.3850		
2012-12-12	2.1666		4.2570		
2012-12-11	2.0129		3.5420		
2012-12-10	0.6300		2.9390		
2012-12-09	1.3355		4.2020		
2012-12-07	1.3531		4.2620		
2012-12-06	0.6661		3.9340		
2012-12-05	0.7961		3.9640		
2012-12-04	0.8555		4.8060		
2012-12-03	3.0521		4.7120		
2012-11-30	0.7235		4.0000		
2012-11-29	0.7241		4.1690		
2012-11-28	2.4097		4.3430		
2012-11-27	0.6769		3.6360		
2012-11-26	1.0458		3.8340		4.1000		
2012-11-25	2.0917		3.8400		4.1000		
2012-11-23	1.0471		3.9300		
2012-11-22	1.0583		3.9750		
2012-11-21	1.0542		4.0150		
2012-11-20	1.0554		4.0580		
2012-11-19	1.0572		4.1010		
2012-11-18	2.2650		
2012-11-16	1.1326		4.1490		
2012-11-15	1.1355		4.1510		
2012-11-14	1.1377		4.1530		
2012-11-13	1.1377		4.1520		
2012-11-09	1.1377		4.1500		
2012-11-02	1.1376		4.1530		
2012-10-26	1.1379		4.4230		
