2014-06-03	0.9942		3.6170		3.7770		
2014-06-02	2.9674		3.6300		4.7460		
2014-05-30	0.9711		3.7600		
2014-05-29	1.0089		3.8190		4.8660		
2014-05-28	0.9959		3.8670		4.8840		
2014-05-27	1.0176		3.9050		4.9050		
2014-05-26	1.0185		3.8930		4.9150		
2014-05-25	2.1988		3.9050		4.9750		
2014-05-23	1.0841		3.8570		
2014-05-22	1.1004		3.8350		5.1480		
2014-05-21	1.0692		3.8180		5.1510		
2014-05-20	0.9958		3.8090		4.9480		
2014-05-19	1.0409		3.8430		4.9660		
2014-05-18	2.1064		6.8500		4.9720		
2014-05-16	1.0418		6.9160		
2014-05-15	1.0681		6.9450		
2014-05-14	1.0528		6.9680		5.0080		
2014-05-13	1.0608		7.0000		5.0150		
2014-05-12	6.8071		7.0100		5.0440		
2014-05-11	2.2339		4.0400		
2014-05-09	1.0965		4.0360		
2014-05-08	1.1114		4.0440		4.1150		
2014-05-07	1.1145		4.0450		4.1270		
2014-05-06	1.0796		4.0350		4.1400		
2014-05-05	1.1130		4.0450		4.1770		
2014-05-04	4.4496		4.0240		5.2820		
2014-04-30	1.0965		4.0120		
2014-04-29	1.0986		4.0110		5.5470		
2014-04-28	1.0728		4.0780		5.6230		
2014-04-27	2.2113		4.1620		5.6620		
2014-04-25	1.1057		4.2480		
2014-04-24	1.1096		4.2880		5.7100		
2014-04-23	1.0936		4.3240		5.7400		
2014-04-22	1.2272		4.3740		5.7710		
2014-04-21	1.2339		4.4100		5.7790		
2014-04-20	2.3779		4.4630		5.7840		
2014-04-18	1.1824		4.6320		
2014-04-17	1.1770		4.7200		5.8220		
2014-04-16	1.1907		8.2080		5.8320		
2014-04-15	1.2953		8.2550		5.8300		
2014-04-14	1.3355		8.2500		5.8020		
2014-04-13	2.7031		8.2240		5.7630		
2014-04-11	1.3499		8.1560		
2014-04-10	7.8672		8.1220		5.6680		
2014-04-09	1.2803		4.6880		4.5010		
2014-04-08	1.2862		4.6840		4.5190		
2014-04-07	3.8580		4.6760		4.5570		
2014-04-04	1.2847		4.6380		
2014-04-03	1.2807		4.6240		4.5990		
2014-04-02	1.2733		4.6000		5.6580		
2014-04-01	1.2707		4.5520		4.6300		
2014-03-31	1.2623		4.4800		4.6450		
2014-03-30	2.5222		4.4020		4.6620		
2014-03-28	1.2584		4.3050		
2014-03-27	1.2356		4.2580		4.7100		
2014-03-26	1.1810		4.2150		4.7230		
2014-03-25	1.1329		4.3210		4.7540		
2014-03-24	1.1119		4.4490		4.8020		
2014-03-23	2.3369		4.5860		4.8620		
2014-03-21	1.1685		4.8090		
2014-03-20	1.1516		4.9150		5.0150		
2014-03-19	1.3853		5.0290		5.0640		
2014-03-18	1.3784		5.0160		5.0850		
2014-03-17	1.3740		5.0070		5.1050		
2014-03-16	2.7652		4.9990		5.1240		
2014-03-14	1.3718		4.9710		
2014-03-13	1.3709		4.9570		5.2130		
2014-03-12	1.3596		4.9260		5.2390		
2014-03-11	1.3604		4.9260		5.2830		
2014-03-10	1.3596		4.9500		5.3410		
2014-03-09	2.7111		5.0010		5.3790		
2014-03-07	1.3442		5.1120		
2014-03-06	1.3126		5.1730		5.5240		
2014-03-05	1.3584		5.2370		5.5750		
2014-03-04	1.4066		5.3140		5.6240		
2014-03-03	1.4584		5.3580		5.6610		
2014-03-02	2.9240		5.3710		5.6840		
2014-02-28	1.4607		5.4610		
2014-02-27	1.4348		5.5080		5.7420		
2014-02-26	1.5065		5.5540		5.7720		
2014-02-25	1.4921		5.6100		5.7890		
2014-02-24	1.4820		5.7150		5.8120		
2014-02-23	3.0968		5.7650		5.8400		
2014-02-21	1.5516		5.8510		
2014-02-20	1.5216		5.8910		5.9190		
2014-02-19	1.6154		5.9350		5.9610		
2014-02-18	1.6937		5.9480		5.9630		
2014-02-17	1.5770		5.9100		5.9520		
2014-02-16	3.2615		5.9160		5.9670		
2014-02-14	1.6283		5.9370		
2014-02-13	1.6062		5.9480		5.9870		
2014-02-12	1.6400		5.9650		6.0040		
2014-02-11	1.6210		5.9640		6.0100		
2014-02-10	1.5880		5.9740		6.0180		
2014-02-09	3.3030		6.0000		6.0330		
2014-02-07	1.6481		5.9870		
2014-02-06	11.473		5.9830		6.0620		
2014-01-30	1.6388		6.0300		
2014-01-29	1.6300		6.0650		6.0940		
2014-01-28	1.6263		6.0870		6.1020		
2014-01-27	1.6683		6.1100		6.1120		
2014-01-26	3.3664		6.1120		6.1180		
2014-01-24	1.6346		6.0910		
2014-01-23	1.7055		6.1040		6.1320		
2014-01-22	1.6720		6.0760		6.1270		
2014-01-21	1.6712		6.0650		6.1450		
2014-01-20	1.6716		6.0720		6.1590		
2014-01-19	3.3256		6.0810		6.1840		
2014-01-17	1.6603		6.1180		
2014-01-16	1.6510		6.1330		6.2670		
2014-01-15	1.6513		6.1420		6.2930		
2014-01-14	1.6857		6.1530		6.3210		
2014-01-13	1.6890		6.1540		6.3270		
2014-01-12	3.3951		6.1600		6.3390		
2014-01-10	1.6888		6.1620		
2014-01-09	1.6693		6.1600		6.3650		
2014-01-08	1.6731		6.2100		6.2740		
2014-01-07	1.6861		6.2120		6.1530		
2014-01-06	1.7016		6.2500		6.0290		
2014-01-05	3.3990		6.3100		5.9010		
2014-01-03	1.6843		6.4380		
2014-01-02	1.7664		6.5090		5.5220		
2014-01-01	1.6761		6.5280		5.3720		
2013-12-31	1.7595		6.5970		
2013-12-30	1.8160		6.5770		5.2770		
2013-12-29	3.6455		6.5450		5.2060		
2013-12-27	1.8192		6.4720		
2013-12-26	1.8028		6.4270		4.9920		
2013-12-25	1.8080		6.0840		4.9230		
2013-12-24	1.7212		5.6490		4.8460		
2013-12-23	1.7561		5.2590		4.7900		
2013-12-22	3.5046		4.8470		4.7290		
2013-12-20	1.7325		4.0380		
2013-12-19	1.1448		3.6310		4.5460		
2013-12-18	0.9747		3.5320		4.5930		
2013-12-17	0.9735		3.7630		4.6560		
2013-12-16	0.9651		3.9950		4.7190		
2013-12-15	1.9544		4.2250		4.7820		
2013-12-13	0.9510		4.6800		
2013-12-12	0.9547		4.9200		5.0010		
2013-12-11	1.4189		5.1540		5.0680		
2013-12-10	1.4174		5.1250		5.0500		
2013-12-09	1.4061		5.1170		5.0320		
2013-12-08	2.8281		5.1160		5.0110		
2013-12-06	1.4095		5.1030		
2013-12-05	1.4045		5.0880		4.9480		
2013-12-04	1.3632		5.0920		4.8660		
2013-12-03	1.4010		5.0800		4.8540		
2013-12-02	1.4049		5.0450		4.8190		
2013-12-01	2.8035		5.0040		4.8010		
2013-11-29	1.3811		4.9950		
2013-11-28	1.4109		4.9950		4.7480		
2013-11-27	1.3408		4.9590		4.7310		
2013-11-26	1.3339		4.9460		4.7270		
2013-11-25	1.3267		4.9340		4.7220		
2013-11-24	2.7857		4.9140		4.7160		
2013-11-22	1.3824		4.8070		
2013-11-21	1.3417		4.7590		4.6730		
2013-11-20	1.3147		4.5460		4.6670		
2013-11-19	1.3114		4.5360		4.6590		
2013-11-18	1.2889		4.4770		4.6510		
2013-11-17	2.5800		4.4840		4.6490		
2013-11-15	1.2901		4.4940		
2013-11-14	0.9335		4.4900		4.6350		
2013-11-13	1.2957		4.6890		4.6910		
2013-11-12	1.1973		4.7000		4.6770		
2013-11-11	1.3023		4.7550		4.6900		
2013-11-10	2.5988		4.7500		4.6860		
2013-11-08	1.2836		4.7610		
2013-11-07	1.3149		4.7690		4.6770		
2013-11-06	1.3168		4.7650		4.6680		
2013-11-05	1.3022		4.7400		4.6580		
2013-11-04	1.2926		4.7210		4.6450		
2013-11-03	2.6204		4.7130		4.6430		
2013-11-01	1.2988		4.6640		
2013-10-31	1.3084		4.6450		4.6320		
2013-10-30	1.2687		4.6190		4.6340		
2013-10-29	1.2652		4.5900		4.6260		
2013-10-28	1.2779		4.5930		4.6260		
2013-10-27	2.5257		4.5950		4.6240		
2013-10-25	1.2620		4.6130		
2013-10-24	1.2591		4.6160		4.6270		
2013-10-23	1.2131		4.6200		4.6290		
2013-10-22	1.2705		4.6430		4.6430		
2013-10-21	1.2823		4.6220		4.6590		
2013-10-20	2.5605		4.6190		4.7290		
2013-10-18	1.2675		4.6300		
2013-10-17	1.2671		4.6350		4.7500		
2013-10-16	1.2560		4.6630		4.8960		
2013-10-15	1.2300		4.6440		4.8950		
2013-10-14	1.2772		4.6960		4.8960		
2013-10-13	2.5815		4.7220		4.9080		
2013-10-11	1.2779		4.7610		
2013-10-10	1.3202		4.7870		4.9450		
2013-10-09	1.2194		4.7910		4.9360		
2013-10-08	1.3292		4.8480		4.8770		
2013-10-07	9.2966		4.8480		4.7950		
2013-09-30	1.3263		5.1460		
2013-09-29	2.6349		5.1190		4.7510		
2013-09-27	1.3103		5.0600		
2013-09-26	2.1104		5.0340		4.6700		
2013-09-25	1.2513		4.5910		4.5040		
2013-09-24	1.2351		4.5880		4.4840		
2013-09-23	1.2762		4.5860		4.4670		
2013-09-22	5.0414		4.5640		4.4250		
2013-09-18	1.2460		4.4990		
2013-09-17	1.2314		4.4650		4.3800		
2013-09-16	1.2340		4.6010		4.3720		
2013-09-15	2.4727		4.5680		4.4910		
2013-09-13	1.2276		4.4900		
2013-09-12	1.2162		4.4550		4.4590		
2013-09-11	1.1809		4.4220		4.4590		
2013-09-10	1.4916		4.4000		4.4570		
2013-09-09	1.1722		4.2140		4.4070		
2013-09-08	2.3218		4.2180		4.4120		
2013-09-06	1.1606		4.2330		
2013-09-05	1.1538		4.2350		4.4480		
2013-09-04	1.1382		4.2530		4.4600		
2013-09-03	1.1360		4.2750		4.4730		
2013-09-02	1.1785		4.3020		4.4820		
2013-09-01	2.3504		4.6880		4.4940		
2013-08-30	1.1655		4.6900		
2013-08-29	1.1871		4.6880		4.5270		
2013-08-28	1.1803		4.7020		4.5420		
2013-08-27	1.1888		4.6960		4.5560		
2013-08-26	1.9190		4.7050		4.5680		
2013-08-25	2.3546		4.3300		4.4530		
2013-08-23	1.1618		4.3850		
2013-08-22	1.2121		4.4200		4.4980		
2013-08-21	1.1700		4.4260		4.5040		
2013-08-20	1.2056		4.4490		4.5180		
2013-08-19	1.2004		4.4400		4.5140		
2013-08-18	2.4600		4.4630		4.5200		
2013-08-16	1.2293		4.4750		
2013-08-15	1.2223		4.4740		4.6050		
2013-08-14	1.2150		4.4990		4.6350		
2013-08-13	1.1885		4.5220		4.6640		
2013-08-12	1.2443		4.5590		4.6980		
2013-08-11	2.4822		4.5660		4.7360		
2013-08-09	1.2272		4.5860		
2013-08-08	1.2701		4.6010		4.7990		
2013-08-07	1.2600		4.5890		4.8340		
2013-08-06	1.2593		4.5810		4.8740		
2013-08-05	1.2587		4.5430		4.9140		
2013-08-04	2.5203		4.5310		4.9550		
2013-08-02	1.3301		4.6700		
2013-08-01	1.2460		4.7410		5.0550		
2013-07-31	1.2458		4.8180		5.0940		
2013-07-30	1.1851		4.8900		5.1430		
2013-07-29	1.2366		4.9910		5.1060		
2013-07-28	2.7869		5.1090		5.2020		
2013-07-26	1.3914		5.0750		
2013-07-25	1.3936		5.0550		5.4290		
2013-07-24	1.3846		5.0950		5.5150		
2013-07-23	1.3789		5.1490		5.6070		
2013-07-22	1.4634		5.2090		5.5460		
2013-07-21	2.7208		5.2250		5.4630		
2013-07-19	1.3539		5.3590		
2013-07-18	1.4699		5.3700		5.9580		
2013-07-17	1.4882		5.3680		6.0490		
2013-07-16	1.4937		5.3910		
2013-07-15	1.4937		5.1170		6.1580		
2013-07-14	2.9777		5.2730		6.2250		
2013-07-12	1.3757		5.6270		
2013-07-11	1.4659		5.8630		6.3680		
2013-07-10	1.5317		6.0800		6.3750		
2013-07-09	0.9682		6.2810		6.3540		
2013-07-08	1.7931		6.3140		6.2630		
2013-07-07	3.6563		5.8930		6.1060		
2013-07-05	1.8283		6.3900		
2013-07-04	1.8837		6.6410		5.6340		
2013-07-03	1.9153		6.6990		5.5720		
2013-07-02	1.0316		6.6310		5.4980		
2013-07-01	0.9856		7.0450		5.5940		
2013-06-30	4.6094		7.5100		
2013-06-28	2.3098		6.9050		
2013-06-27	1.9958		6.6010		4.5710		
2013-06-26	1.7841		6.3450		4.3850		
2013-06-25	1.8265		6.1500		4.2280		
2013-06-24	1.8770		5.4300		4.0520		
2013-06-23	3.4484		4.9170		3.8710		
2013-06-21	1.7276		4.0850		
2013-06-20	1.5058		3.6620		3.4140		
2013-06-19	1.4087		3.3690		3.2980		
2013-06-18	0.4456		3.1280		3.1900		
2013-06-17	0.8934		3.3890		3.2350		
2013-06-16	1.8539		3.4160		3.2210		
2013-06-14	0.9152		3.4350		
2013-06-13	0.9449		3.4500		3.1700		
2013-06-12	4.7285		3.4390		3.1240		
2013-06-07	0.9436		3.1790		
2013-06-06	0.9228		3.1280		2.9830		
2013-06-05	0.8814		3.0850		2.9680		
2013-06-04	0.8139		3.0370		2.9600		
2013-06-03	0.8404		2.9800		2.9640		
2013-06-02	1.6949		2.9660		2.9620		
2013-05-30	0.8404		2.9300		2.9560		
2013-05-29	0.7891		2.9200		2.9540		
2013-05-28	0.7039		2.9360		2.9500		
2013-05-27	0.8145		2.9970		2.9800		
2013-05-26	1.6499		2.9850		2.9910		
2013-05-24	0.8213		2.9370		
2013-05-23	0.8209		2.8910		3.0280		
2013-05-22	0.8198		2.8980		3.0290		
2013-05-21	0.8206		2.9070		3.0310		
2013-05-20	0.7922		2.9140		3.0330		
2013-05-19	1.5582		2.9350		3.0530		
2013-05-17	0.7328		2.9950		
2013-05-16	0.8336		3.0480		3.1440		
2013-05-15	0.8378		3.0450		3.1550		
2013-05-14	0.8336		3.0080		3.1650		
2013-05-13	0.8329		3.0300		3.1760		
2013-05-12	1.6734		3.0530		3.2220		
2013-05-10	0.8346		3.1140		
2013-05-09	0.8275		3.1430		3.2590		
2013-05-08	0.7663		3.1760		3.2730		
2013-05-07	0.8761		3.2410		3.2890		
2013-05-06	0.8769		3.2480		3.2820		
2013-05-05	1.7908		3.2550		3.2750		
2013-05-03	0.8910		3.2490		
2013-05-02	0.8899		3.2410		3.2480		
2013-05-01	4.4498		3.2440		3.1340		
2013-04-26	0.8763		3.3770		
2013-04-25	0.8950		3.3930		3.0970		
2013-04-24	0.8954		3.4000		3.1150		
2013-04-23	0.8948		3.3780		3.2050		
2013-04-22	1.0992		3.3470		3.2190		
2013-04-21	1.8151		3.2130		3.1980		
2013-04-19	0.9070		3.1450		
2013-04-18	0.9080		3.1110		3.2330		
2013-04-17	0.8539		3.0700		3.2420		
2013-04-16	0.8358		2.9280		3.3650		
2013-04-15	0.8419		2.7730		3.3810		
2013-04-14	1.6841		2.8460		3.3950		
2013-04-12	0.8412		2.9740		
2013-04-11	0.8315		3.0390		3.4370		
2013-04-10	0.5808		3.1090		3.4540		
2013-04-09	0.5391		3.3080		3.5140		
2013-04-08	0.9812		3.5350		3.5800		
2013-04-07	3.8613		3.5360		3.5400		
2013-04-03	0.9630		3.5460		
2013-04-02	0.9741		3.8590		3.5360		
2013-04-01	0.9825		3.8340		3.5260		
2013-03-31	1.9495		3.8040		3.5200		
2013-03-29	0.9709		3.7500		
2013-03-28	0.9599		3.7240		3.5080		
2013-03-27	1.5640		3.7070		3.5050		
2013-03-26	0.9268		3.3740		3.5070		
2013-03-25	0.9249		3.3720		3.4950		
2013-03-24	1.8444		3.3720		3.4840		
2013-03-22	0.9217		3.3760		
2013-03-21	0.9273		3.3770		3.4530		
2013-03-20	0.9261		3.3760		3.4420		
2013-03-19	0.9225		3.3760		3.5020		
2013-03-18	0.9256		3.3700		3.4910		
2013-03-17	1.8503		3.3820		3.4710		
2013-03-15	0.9252		3.4090		
2013-03-14	0.9246		3.4220		3.4110		
2013-03-13	0.9257		3.4310		3.3910		
2013-03-12	0.9120		3.7710		3.3710		
2013-03-11	0.9486		3.7440		3.2870		
2013-03-10	1.9017		3.6970		
2013-03-08	0.9499		3.6050		
2013-03-07	0.9414		3.5590		
2013-03-06	1.5779		3.5190		
2013-03-05	0.8604		3.3610		3.0640		
2013-03-04	0.8579		3.3580		
2013-03-03	1.7253		3.3340		
2013-03-01	0.8633		3.2800		
2013-02-28	0.8644		3.2510		
2013-02-27	1.2743		3.2220		
2013-02-26	0.8543		2.9800		
2013-02-25	0.8543		2.9800		
2013-02-24	1.6212		2.7950		
2013-02-22	0.8078		2.8700		
2013-02-21	0.8093		2.9090		
2013-02-20	0.8109		2.9480		
2013-02-19	0.4288		2.9850		
2013-02-18	0.8827		3.2220		3.5650		
2013-02-17	26.461		3.2220		
2013-02-08	2.8224		4.2320		
2013-02-01	0.8824		3.3570		
