2014-06-03	1.1762		4.2870		4.5650		
2014-06-02	3.5262		4.2910		4.5810		
2014-05-30	1.1755		4.4180		
2014-05-29	1.1750		4.4750		4.6490		
2014-05-28	1.1697		4.5310		4.6640		
2014-05-27	1.1838		4.5880		4.6770		
2014-05-26	1.1978		4.6320		4.6900		
2014-05-25	2.5709		4.6720		4.7150		
2014-05-23	1.2851		4.6610		
2014-05-22	1.2816		4.6540		4.7220		
2014-05-21	1.2800		4.6520		4.7350		
2014-05-20	1.2686		4.6480		4.7380		
2014-05-19	1.2746		4.6520		4.7420		
2014-05-18	2.5490		4.6550		4.7940		
2014-05-16	1.2723		4.6790		
2014-05-15	1.2773		4.6910		4.8180		
2014-05-14	1.2723		4.7030		4.8320		
2014-05-13	1.2758		4.7200		4.8380		
2014-05-12	1.2815		4.7250		4.8450		
2014-05-11	2.5941		4.7350		5.1220		
2014-05-09	1.2954		4.7410		
2014-05-08	1.3014		4.7450		4.9020		
2014-05-07	1.3036		4.7460		4.9070		
2014-05-06	1.2853		4.7450		4.9120		
2014-05-05	1.3011		4.7500		4.9210		
2014-05-04	5.2122		4.7510		4.9470		
2014-04-30	1.3021		4.7720		
2014-04-29	1.2948		4.7880		4.9800		
2014-04-28	1.3031		4.8390		4.9910		
2014-04-27	2.6156		4.8860		5.0020		
2014-04-25	1.3053		4.9660		
2014-04-24	1.3315		5.0050		5.0290		
2014-04-23	1.3325		5.0350		5.0350		
2014-04-22	1.3924		5.0660		5.0410		
2014-04-21	1.3934		5.0640		5.0440		
2014-04-20	2.7677		5.0590		5.0970		
2014-04-18	1.3808		5.0550		
2014-04-17	1.3890		5.0540		5.1200		
2014-04-16	1.3929		5.0540		5.1220		
2014-04-15	1.3876		5.0500		5.1230		
2014-04-14	1.3835		5.0450		5.1460		
2014-04-13	2.7608		5.0390		5.2320		
2014-04-11	1.3785		5.0290		
2014-04-10	1.3888		5.0250		5.2630		
2014-04-09	1.3854		5.0140		5.2690		
2014-04-08	1.3785		5.0130		5.2760		
2014-04-07	4.1134		5.0070		5.3490		
2014-04-04	1.3702		5.0260		
2014-04-03	1.3684		5.0310		5.4040		
2014-04-02	1.3830		5.0310		5.4170		
2014-04-01	1.3676		5.0170		5.4300		
2014-03-31	1.3858		5.0400		5.4460		
2014-03-30	2.7634		5.0600		5.4650		
2014-03-28	1.3795		5.1380		
2014-03-27	1.3690		5.1820		5.5260		
2014-03-26	1.3563		5.2420		5.5460		
2014-03-25	1.4127		5.3360		5.5760		
2014-03-24	1.4224		5.4090		5.6010		
2014-03-23	2.9136		5.4850		5.6340		
2014-03-21	1.4649		5.6060		
2014-03-20	1.4827		5.6610		5.7240		
2014-03-19	1.5379		5.6910		5.7520		
2014-03-18	1.5515		5.6930		5.7750		
2014-03-17	1.5688		5.6840		5.7950		
2014-03-16	3.1461		5.6710		5.8170		
2014-03-14	1.5703		5.6440		
2014-03-13	1.5407		5.6320		5.8680		
2014-03-12	1.5407		5.6350		5.8950		
2014-03-11	1.5339		5.6400		5.9200		
2014-03-10	1.5442		5.6490		5.9460		
2014-03-09	3.0940		5.6460		5.9680		
2014-03-07	1.5470		5.6320		
2014-03-06	1.5478		5.6270		6.0070		
2014-03-05	1.5493		5.6170		6.0220		
2014-03-04	1.5518		5.6360		6.0380		
2014-03-03	1.5377		5.6630		6.0550		
2014-03-02	3.0684		5.7340		6.2340		
2014-02-28	1.5358		5.8910		
2014-02-27	1.5288		5.9780		6.2990		
2014-02-26	1.5854		6.0650		6.3230		
2014-02-25	1.6042		6.1310		6.3420		
2014-02-24	1.6740		6.1830		6.3580		
2014-02-23	3.3699		6.2170		6.3560		
2014-02-21	1.7014		6.2340		
2014-02-20	1.6959		6.2370		6.3760		
2014-02-19	1.7128		6.2630		6.3830		
2014-02-18	1.7028		6.2750		6.3870		
2014-02-17	1.7399		6.2890		6.3870		
2014-02-16	3.4035		6.2770		6.3730		
2014-02-14	1.7059		6.3640		
2014-02-13	1.7457		6.4040		6.3840		
2014-02-12	1.7371		6.4250		6.3840		
2014-02-11	1.7282		6.4510		6.3860		
2014-02-10	1.7181		6.4810		6.3870		
2014-02-09	3.5692		6.5160		6.3810		
2014-02-07	1.7841		6.5180		
2014-02-06	12.502		6.5190		6.3300		
2014-01-30	1.7846		6.3310		
2014-01-29	1.7634		6.3090		6.2800		
2014-01-28	1.7447		6.3100		6.2750		
2014-01-27	1.7361		6.3180		6.2690		
2014-01-26	3.4102		6.3020		6.4390		
2014-01-24	1.7025		6.3250		
2014-01-23	1.7433		6.3380		6.4400		
2014-01-22	1.7649		6.3200		6.4430		
2014-01-21	1.7601		6.2960		6.4430		
2014-01-20	1.7047		6.2700		6.4140		
2014-01-19	3.4549		6.2890		6.2770		
2014-01-17	1.7270		6.3050		
2014-01-16	1.7096		6.3120		6.2440		
2014-01-15	1.7174		6.3140		6.2440		
2014-01-14	1.7119		6.3150		6.2430		
2014-01-13	1.7410		6.3270		6.2120		
2014-01-12	3.4851		6.3070		6.0730		
2014-01-10	1.7400		6.2460		
2014-01-09	1.7134		6.2060		6.0200		
2014-01-08	1.7196		6.1990		6.0120		
2014-01-07	1.7343		6.1860		6.0030		
2014-01-06	1.7023		6.1710		5.9680		
2014-01-05	3.3685		6.1700		5.8510		
2014-01-03	1.6639		6.2240		
2014-01-02	1.6994		6.8300		5.8050		
2014-01-01	1.6943		6.8360		5.7920		
2013-12-31	1.7071		7.0630		
2013-12-30	1.6998		7.0040		5.7620		
2013-12-29	3.4717		6.9150		5.6680		
2013-12-27	2.8273		6.6810		
2013-12-26	1.7099		5.9950		5.4540		
2013-12-25	2.1299		5.8760		5.4200		
2013-12-24	1.5941		5.5380		5.3380		
2013-12-23	1.5296		5.4680		5.3210		
2013-12-22	3.0221		5.4380		5.2990		
2013-12-20	1.5110		5.3900		
2013-12-19	1.4830		5.3660		5.2710		
2013-12-18	1.4804		5.3460		5.2580		
2013-12-17	1.4610		5.3270		5.2530		
2013-12-16	1.4708		5.3220		5.2510		
2013-12-15	2.9311		5.3150		5.1000		
2013-12-13	1.4636		5.2850		
2013-12-12	1.4451		5.2710		5.0690		
2013-12-11	1.4452		5.2680		5.0580		
2013-12-10	1.4500		5.2590		5.0510		
2013-12-09	1.4588		5.2530		5.0420		
2013-12-08	2.8732		5.2400		5.0230		
2013-12-06	1.4363		5.2380		
2013-12-05	1.4400		5.2370		5.0010		
2013-12-04	1.4283		5.2460		4.9930		
2013-12-03	1.4385		5.2490		4.9850		
2013-12-02	1.4331		5.2420		4.9760		
2013-12-01	2.8697		5.2450		4.9710		
2013-11-29	1.4342		5.2400		
2013-11-28	1.4575		5.2370		4.9450		
2013-11-27	1.4340		5.2250		4.9320		
2013-11-26	1.4243		5.2070		4.9220		
2013-11-25	1.4388		5.1850		4.9110		
2013-11-24	2.8600		4.9430		4.8950		
2013-11-22	1.4282		4.8600		
2013-11-21	1.4346		4.6140		4.8630		
2013-11-20	1.4000		4.5290		4.8510		
2013-11-19	1.3828		4.5020		4.8420		
2013-11-18	0.9734		4.4870		4.8390		
2013-11-17	2.7017		4.6880		4.8960		
2013-11-15	0.9571		4.7040		
2013-11-14	1.2712		4.9160		4.9420		
2013-11-13	1.3480		4.9650		4.9520		
2013-11-12	1.3535		4.9810		4.9530		
2013-11-11	1.3592		4.9890		4.9540		
2013-11-10	2.7316		5.0000		4.9580		
2013-11-08	1.3646		5.0100		
2013-11-07	1.3655		5.0150		4.9550		
2013-11-06	1.3773		5.0070		4.9540		
2013-11-05	1.3701		4.9920		4.9520		
2013-11-04	1.3800		4.9870		4.9500		
2013-11-03	2.7505		4.9640		4.9460		
2013-11-01	1.3744		4.9220		
2013-10-31	1.3497		4.9010		4.9370		
2013-10-30	1.3492		4.8880		4.9410		
2013-10-29	1.3605		4.8860		4.9420		
2013-10-28	1.3357		4.8740		4.9410		
2013-10-27	2.6700		4.8880		4.9680		
2013-10-25	1.3341		4.9070		
2013-10-24	1.3254		4.9170		4.9730		
2013-10-23	1.3442		4.9320		5.0080		
2013-10-22	1.3374		4.9480		5.0120		
2013-10-21	1.3633		4.9650		5.0170		
2013-10-20	2.7066		4.9610		5.0120		
2013-10-18	1.3537		4.9750		
2013-10-17	1.3527		4.9810		4.9660		
2013-10-16	1.3759		4.9900		4.9580		
2013-10-15	1.3699		4.9800		4.9560		
2013-10-14	1.3564		4.9850		4.9550		
2013-10-13	2.7319		4.9950		4.9020		
2013-10-11	1.3652		5.0050		
2013-10-10	1.3715		5.0100		4.8820		
2013-10-09	1.3566		5.0120		4.8680		
2013-10-08	1.3780		5.0220		4.8650		
2013-10-07	9.6283		5.0210		4.7770		
2013-09-30	1.3737		5.0960		
2013-09-29	2.7280		5.0720		4.6790		
2013-09-27	1.3606		4.9910		
2013-09-26	1.3689		4.9520		4.6490		
2013-09-25	1.3282		4.9090		4.6380		
2013-09-24	1.6136		4.8850		4.6300		
2013-09-23	1.3283		4.7170		4.5880		
2013-09-22	5.1435		4.6870		4.6160		
2013-09-18	1.2837		4.6390		
2013-09-17	1.2913		4.6200		4.6030		
2013-09-16	1.2699		4.6020		4.6010		
2013-09-15	2.5235		4.5920		4.6130		
2013-09-13	1.2588		4.5610		
2013-09-12	1.2693		4.5470		4.6170		
2013-09-11	1.2466		4.5290		4.6170		
2013-09-10	1.2582		4.5230		4.6190		
2013-09-09	1.2509		4.4920		4.6240		
2013-09-08	2.4635		4.4810		4.6380		
2013-09-06	1.2318		4.4730		
2013-09-05	1.2348		4.4690		4.6520		
2013-09-04	1.2354		4.4750		4.6560		
2013-09-03	1.1994		4.4910		4.6620		
2013-09-02	1.2280		4.5300		4.6730		
2013-09-01	2.4492		4.5550		4.6710		
2013-08-30	1.2230		4.6420		
2013-08-29	1.2472		4.6860		4.6860		
2013-08-28	1.2669		4.7190		4.6900		
2013-08-27	1.2726		4.7660		4.6930		
2013-08-26	1.2766		4.7700		4.6980		
2013-08-25	2.6170		4.7730		4.7730		
2013-08-23	1.3065		4.7460		
2013-08-22	1.3105		4.7320		4.8250		
2013-08-21	1.3570		4.7180		4.8270		
2013-08-20	1.2807		4.6840		4.8220		
2013-08-19	1.2817		4.6870		4.8750		
2013-08-18	2.5647		4.6960		5.0180		
2013-08-16	1.2812		4.7040		
2013-08-15	1.2821		4.7090		5.0330		
2013-08-14	1.2928		4.7060		5.0450		
2013-08-13	1.2870		4.7070		5.0560		
2013-08-12	1.2974		4.7000		5.0450		
2013-08-11	2.5813		4.6960		5.2810		
2013-08-09	1.2910		4.6700		
2013-08-08	1.2754		4.6570		5.4010		
2013-08-07	1.2957		4.6540		5.4260		
2013-08-06	1.2722		4.6390		5.4500		
2013-08-05	1.2896		4.6210		5.5580		
2013-08-04	2.5314		4.6340		5.7020		
2013-08-02	1.2671		4.7430		
2013-08-01	1.2697		4.7990		5.8840		
2013-07-31	1.2664		4.8780		5.9260		
2013-07-30	1.2372		5.0340		5.9710		
2013-07-29	1.3157		5.3030		6.0230		
2013-07-28	2.7398		5.5030		6.2900		
2013-07-26	1.3751		5.7990		
2013-07-25	1.4217		5.9450		6.4150		
2013-07-24	1.5642		6.0710		6.4190		
2013-07-23	1.7541		5.9290		6.4430		
2013-07-22	1.6992		5.6530		6.4450		
2013-07-21	3.3067		5.3930		5.9490		
2013-07-19	1.6556		5.4850		
2013-07-18	1.6636		5.5340		5.8340		
2013-07-17	1.2919		5.6300		5.7320		
2013-07-16	1.2247		5.9340		
2013-07-15	1.2007		6.3380		5.8130		
2013-07-14	3.4818		6.8230		5.4660		
2013-07-12	1.7506		7.2370		
2013-07-11	1.8474		7.4380		5.3690		
2013-07-10	1.8751		7.1650		5.3180		
2013-07-09	1.9988		6.6800		5.2590		
2013-07-08	2.1323		6.7960		5.1780		
2013-07-07	4.2752		6.6580		4.5890		
2013-07-05	2.1366		6.7300		
2013-07-04	1.3229		6.4760		4.2230		
2013-07-03	0.9454		6.9990		4.1690		
2013-07-02	2.2212		7.3920		4.1940		
2013-07-01	1.8673		6.9930		4.0540		
2013-06-30	4.4139		6.6050		
2013-06-28	1.6489		5.1280		
2013-06-27	2.3270		4.6920		3.4670		
2013-06-26	1.6974		3.9470		3.2990		
2013-06-25	1.4559		3.4580		3.1990		
2013-06-24	1.1243		3.1270		3.1270		
2013-06-23	1.5808		2.9870		3.1180		
2013-06-21	0.8129		2.9560		
2013-06-20	0.8980		2.8700		3.1450		
2013-06-19	0.7602		2.8310		3.1400		
2013-06-18	0.8210		2.8880		3.1530		
2013-06-17	0.8556		2.9120		3.1640		
2013-06-16	1.5218		2.9190		3.1860		
2013-06-14	0.6473		3.0310		
2013-06-13	0.8239		3.1450		3.2400		
2013-06-12	4.3409		3.1700		3.2500		
2013-06-07	0.8668		3.2190		
2013-06-06	0.8713		3.2310		3.2650		
2013-06-05	0.8827		3.2470		3.2680		
2013-06-04	0.8801		3.2590		3.2700		
2013-06-03	0.8886		3.2720		3.2710		
2013-06-02	1.7831		3.2670		3.2720		
2013-05-30	0.9022		3.2690		3.2730		
2013-05-29	0.9053		3.2620		3.2730		
2013-05-28	0.9042		3.2620		3.2710		
2013-05-27	0.8795		3.2660		3.2700		
2013-05-26	1.7861		3.2820		3.2800		
2013-05-24	0.8926		3.2940		
2013-05-23	0.8884		3.3000		3.2820		
2013-05-22	0.9049		3.3080		3.2830		
2013-05-21	0.9117		3.3060		3.2830		
2013-05-20	0.9100		3.2940		3.2810		
2013-05-19	1.8105		3.2860		3.2670		
2013-05-17	0.9031		3.2710		
2013-05-16	0.9044		3.2650		3.2600		
2013-05-15	0.9002		3.2590		3.2560		
2013-05-14	0.8889		3.2560		3.2550		
2013-05-13	0.8949		3.2560		3.2560		
2013-05-12	1.7815		3.2550		3.2250		
2013-05-10	0.8909		3.2590		
2013-05-09	0.8944		3.2600		3.2390		
2013-05-08	0.8931		3.2680		4.2390		
2013-05-07	0.8904		3.2740		4.2730		
2013-05-06	0.8916		3.2820		4.3090		
2013-05-05	1.7894		3.2900		4.3280		
2013-05-03	0.8928		3.3010		
2013-05-02	0.9093		3.3080		4.2960		
2013-05-01	4.5288		3.3010		4.2310		
2013-04-26	0.9055		3.2630		
2013-04-25	0.8961		3.2400		4.3890		
2013-04-24	0.8926		3.2190		4.4260		
2013-04-23	0.9001		3.2060		4.4660		
2013-04-22	0.9454		3.1920		4.4850		
2013-04-21	1.7190		3.1360		4.4190		
2013-04-19	0.8606		3.0840		
2013-04-18	0.8562		3.0670		4.5220		
2013-04-17	0.8676		3.0960		4.5690		
2013-04-16	0.8738		3.1770		4.6170		
2013-04-15	0.8368		7.4720		4.6370		
2013-04-14	1.6203		7.5740		4.5480		
2013-04-12	0.8278		7.7600		
2013-04-11	0.9114		7.8440		4.6680		
2013-04-10	1.0224		7.8840		4.7130		
2013-04-09	9.1109		7.8650		4.7470		
2013-04-08	1.0326		3.6490		3.7230		
2013-04-07	3.9549		3.6290		3.7070		
2013-04-03	0.9856		3.7480		
2013-04-02	1.0258		3.7450		
2013-04-01	0.9930		3.7200		3.8160		
2013-03-31	2.0952		3.7510		3.8230		
2013-03-29	1.0404		3.7560		
2013-03-28	1.0471		3.7620		4.0360		
2013-03-27	0.9799		3.7650		4.1690		
2013-03-26	0.9779		3.8010		4.1670		
2013-03-25	1.0534		3.8330		4.1620		
2013-03-24	2.1048		3.8210		4.1530		
2013-03-22	1.0510		3.7990		
2013-03-21	1.0526		3.7890		4.1330		
2013-03-20	1.0494		3.7860		4.1280		
2013-03-19	1.0388		3.7460		4.1220		
2013-03-18	1.0319		3.7130		4.1190		
2013-03-17	2.0612		3.6860		4.1320		
2013-03-15	1.0323		3.6550		
2013-03-14	1.0475		3.6380		4.1780		
2013-03-13	0.9720		3.6110		4.1930		
2013-03-12	0.9758		3.6180		4.2230		
2013-03-11	0.9804		3.6290		4.2540		
2013-03-10	2.0012		4.0340		4.2610		
2013-03-08	0.9993		3.9940		
2013-03-07	0.9959		4.9550		4.0690		
2013-03-06	0.9863		5.5130		4.0600		
2013-03-05	0.9974		5.5020		4.0530		
2013-03-04	1.7571		5.4750		4.0370		
2013-03-03	1.9244		5.0700		3.9270		
2013-03-01	2.8409		5.1110		
2013-02-28	2.0674		4.1520		4.0160		
2013-02-27	0.9645		3.6000		3.8980		
2013-02-26	0.9450		3.6220		3.9110		
2013-02-25	0.9450		3.6220		3.9110		
2013-02-24	2.0038		3.6780		3.8410		
2013-02-22	1.0010		3.6450		
2013-02-21	1.0095		3.6290		3.9620		
2013-02-20	1.0051		3.6090		3.9720		
2013-02-19	1.0151		3.5910		3.9820		
2013-02-18	1.0185		3.5680		3.9780		
2013-02-17	8.7356		3.5430		3.9520		
2013-02-08	0.9638		3.3790		
2013-02-07	0.9299		3.3620		4.0740		
2013-02-06	0.9294		3.3600		4.0970		
2013-02-05	0.8758		4.4880		4.1210		
2013-02-04	0.9157		5.0380		4.1390		
2013-02-03	1.8660		5.0400		
2013-02-01	0.9315		5.0310		
2013-01-31	0.9256		4.9980		4.1820		
2013-01-30	3.0919		5.0210		4.2110		
2013-01-29	1.9311		3.9140		3.9390		
2013-01-28	0.9198		3.9150		3.7830		
2013-01-25	0.8682		4.0060		
2013-01-24	0.9685		4.0640		4.0320		
2013-01-23	0.9702		4.0670		4.0490		
2013-01-22	1.9324		4.0620		4.0660		
2013-01-21	0.9821		4.0350		3.9200		
2013-01-20	1.9603		4.0160		3.9060		
2013-01-18	0.9797		4.0420		
2013-01-17	0.9757		4.0550		4.0410		
2013-01-16	0.9599		4.0670		4.0570		
2013-01-15	1.8812		4.0900		4.0760		
2013-01-14	0.9457		3.6270		3.9510		
2013-01-13	2.0097		3.6650		3.9840		
2013-01-11	1.0041		3.6280		
2013-01-10	0.9990		3.6090		4.1150		
2013-01-09	1.0036		3.6010		
2013-01-08	0.9946		3.5910		
2013-01-07	1.0172		3.5850		4.0930		
2013-01-06	1.9394		3.5640		3.9070		
2013-01-04	0.9679		3.6400		
2012-12-31	0.9769		4.5910		
2012-12-28	1.0408		4.2830		
2012-12-27	1.0136		4.1850		4.1520		
2012-12-26	1.5101		4.1040		4.0930		
2012-12-25	2.1757		4.2240		
2012-12-24	0.7727		4.1020		3.9050		
2012-12-21	0.8516		4.1880		
2012-12-20	0.8583		4.1990		3.9580		
2012-12-19	1.7402		4.1930		3.9740		
2012-12-18	1.9429		4.3820		3.8050		
2012-12-17	0.8881		4.3840		3.7730		
2012-12-16	1.7511		4.2160		3.8050		
2012-12-14	0.8730		3.9300		
2012-12-13	0.8460		4.1470		
2012-12-12	2.1017		4.0200		
2012-12-11	1.9482		3.3050		
2012-12-10	0.5646		2.7010		
2012-12-09	1.2044		3.9640		
2012-12-07	1.2887		4.0250		
2012-12-06	0.6013		3.6960		
2012-12-05	0.7312		3.7260		
2012-12-04	0.7904		4.5680		
2012-12-03	2.9871		4.4320		
2012-11-30	0.6584		3.7200		
2012-11-29	0.6588		3.8880		
2012-11-28	2.3448		4.0630		
2012-11-27	0.5304		3.3560		
2012-11-26	0.9807		3.5950		3.8680		
2012-11-25	1.9606		3.6010		3.8680		
2012-11-23	0.9818		3.6910		
2012-11-22	0.9930		3.7360		
2012-11-21	0.9890		3.7760		
2012-11-20	0.9901		3.8200		
2012-11-19	0.9918		3.8620		
2012-11-18	2.1339		
2012-11-16	1.0673		3.9100		
2012-11-15	1.0701		3.9120		
2012-11-14	1.0721		3.9130		
2012-11-13	1.0721		3.9120		
2012-11-09	1.0721		3.9100		
2012-11-02	1.0720		3.9140		
2012-10-26	1.0723		4.2630		
