2014-04-09	1.3614		4.9790		4.7930		
2014-04-08	1.3658		4.9750		4.8110		
2014-04-07	4.0963		4.9670		4.8490		
2014-04-04	1.3645		4.9300		
2014-04-03	1.3603		4.9160		4.8910		
2014-04-02	1.3535		4.8930		4.9070		
2014-04-01	1.3517		4.8460		4.9220		
2014-03-31	1.3430		4.7730		4.9370		
2014-03-30	2.6811		4.6940		4.9540		
2014-03-28	1.3384		4.5970		
2014-03-27	1.3166		4.5500		5.0020		
2014-03-26	1.2623		4.5060		5.0150		
2014-03-25	1.2116		4.6120		5.0460		
2014-03-24	1.1921		4.7410		5.0940		
2014-03-23	2.4959		4.8770		5.1540		
2014-03-21	1.2482		5.1010		
2014-03-20	1.2312		5.2070		5.3070		
2014-03-19	1.4664		5.3220		5.3560		
2014-03-18	1.4585		5.3080		5.3770		
2014-03-17	1.4537		5.2980		5.3970		
2014-03-16	2.9241		5.2920		5.4160		
2014-03-14	1.4519		5.2630		
2014-03-13	1.4516		5.2490		5.5050		
2014-03-12	1.4398		5.2180		5.5310		
2014-03-11	1.4400		5.2170		5.5750		
2014-03-10	1.4408		5.2420		5.6330		
2014-03-09	2.8700		5.2930		5.6710		
2014-03-07	1.4246		5.4040		
2014-03-06	1.3923		5.4650		5.8160		
2014-03-05	1.4373		5.5290		5.8670		
2014-03-04	1.4883		5.6070		5.9160		
2014-03-03	1.5389		5.6500		5.9530		
2014-03-02	3.0829		5.6620		5.9760		
2014-02-28	1.5405		5.7530		
2014-02-27	1.5154		5.8000		6.0340		
2014-02-26	1.5871		5.8450		6.0640		
2014-02-25	1.5715		5.9020		6.0810		
2014-02-24	1.5620		6.0070		6.1040		
2014-02-23	3.2557		6.0570		6.1330		
2014-02-21	1.6316		6.1430		
2014-02-20	1.6018		6.1830		6.2110		
2014-02-19	1.6956		6.2260		6.2520		
2014-02-18	1.7742		6.2390		6.2550		
2014-02-17	1.6573		6.2000		6.2430		
2014-02-16	3.4204		6.2080		6.2590		
2014-02-14	1.7085		6.2300		
2014-02-13	1.6851		6.2400		6.2780		
2014-02-12	1.7201		6.2570		6.2950		
2014-02-11	1.6994		6.2560		6.3010		
2014-02-10	1.6724		6.2660		6.3100		
2014-02-09	3.4619		6.2910		6.3240		
2014-02-07	1.7276		6.2780		
2014-02-06	12.030		6.2730		6.3530		
2014-01-30	1.7184		6.3220		
2014-01-29	1.7105		6.3560		6.3850		
2014-01-28	1.7068		6.3780		6.3920		
2014-01-27	1.7479		6.4010		6.4020		
2014-01-26	3.5253		6.4030		6.4070		
2014-01-24	1.7149		6.3810		
2014-01-23	1.7849		6.3940		6.4220		
2014-01-22	1.7522		6.3650		6.4170		
2014-01-21	1.7505		6.3550		6.4340		
2014-01-20	1.7510		6.3620		6.4480		
2014-01-19	3.4845		6.3710		6.4730		
2014-01-17	1.7396		6.4070		
2014-01-16	1.7296		6.4220		6.5570		
2014-01-15	1.7319		6.4320		6.5830		
2014-01-14	1.7649		6.4420		6.6110		
2014-01-13	1.7681		6.4420		6.6170		
2014-01-12	3.5540		6.4480		6.6290		
2014-01-10	1.7682		6.4510		
2014-01-09	1.7480		6.4480		6.6560		
2014-01-08	1.7510		6.4990		6.5650		
2014-01-07	1.7646		6.5020		6.4440		
2014-01-06	1.7811		6.5410		6.3210		
2014-01-05	3.5580		6.6010		6.1930		
2014-01-03	1.7641		6.7290		
2014-01-02	1.8455		6.8000		5.8140		
2014-01-01	1.7556		6.8190		5.6640		
2013-12-31	1.8395		6.8890		
2013-12-30	1.8960		6.8690		5.5690		
2013-12-29	3.8044		6.8380		5.4970		
2013-12-27	1.8992		6.7650		
2013-12-26	1.8830		6.7200		5.2840		
2013-12-25	1.8895		6.3770		5.2150		
2013-12-24	1.8018		5.9420		5.1380		
2013-12-23	1.8367		5.5520		5.0820		
2013-12-22	3.6635		5.1390		5.0210		
2013-12-20	1.8130		4.3310		
2013-12-19	1.2247		3.9230		4.8380		
2013-12-18	1.0554		3.8240		4.8840		
2013-12-17	1.0540		4.0550		4.9470		
2013-12-16	1.0450		4.2850		5.0100		
2013-12-15	2.1133		4.5150		5.0730		
2013-12-13	1.0308		4.9710		
2013-12-12	1.0345		5.2100		5.2930		
2013-12-11	1.4983		5.4450		5.3600		
2013-12-10	1.4967		5.4170		5.3420		
2013-12-09	1.4857		5.4080		5.3240		
2013-12-08	2.9870		5.4080		5.3030		
2013-12-06	1.4902		5.3950		
2013-12-05	1.4842		5.3800		5.2390		
2013-12-04	1.4446		5.3830		5.1570		
2013-12-03	1.4803		5.3710		5.1450		
2013-12-02	1.4847		5.3370		5.1100		
2013-12-01	2.9624		5.2960		5.0920		
2013-11-29	1.4615		5.2870		
2013-11-28	1.4910		5.2870		5.0400		
2013-11-27	1.4207		5.2510		5.0230		
2013-11-26	1.4151		5.2380		5.0190		
2013-11-25	1.4062		5.2250		5.0130		
2013-11-24	2.9446		5.2060		5.0080		
2013-11-22	1.4624		5.0980		
2013-11-21	1.4217		5.0500		4.9640		
2013-11-20	1.3954		4.8370		4.9590		
2013-11-19	1.3909		4.8270		4.9510		
2013-11-18	1.3685		4.7680		4.9430		
2013-11-17	2.7389		4.7750		4.9410		
2013-11-15	1.3695		4.7850		
2013-11-14	1.0131		4.7820		4.9270		
2013-11-13	1.3771		4.9810		4.9830		
2013-11-12	1.2771		4.9920		4.9690		
2013-11-11	1.3820		5.0470		4.9820		
2013-11-10	2.7577		5.0420		4.9780		
2013-11-08	1.3630		5.0530		
2013-11-07	1.3954		5.0620		4.9690		
2013-11-06	1.3980		5.0590		4.9600		
2013-11-05	1.3828		5.0340		4.9500		
2013-11-04	1.3726		5.0140		4.9370		
2013-11-03	2.7793		5.0060		4.9340		
2013-11-01	1.3790		4.9560		
2013-10-31	1.3896		4.9370		4.9240		
2013-10-30	1.3502		4.9100		4.9260		
2013-10-29	1.3447		4.8810		4.9170		
2013-10-28	1.3573		4.8840		4.9170		
2013-10-27	2.6846		4.8860		4.9150		
2013-10-25	1.3415		4.9050		
2013-10-24	1.3385		4.9080		4.9190		
2013-10-23	1.2944		4.9130		4.9210		
2013-10-22	1.3502		4.9340		4.9350		
2013-10-21	1.3619		4.9140		4.9500		
2013-10-20	2.7194		4.9110		5.0200		
2013-10-18	1.3484		4.9220		
2013-10-17	1.3472		4.9270		5.0410		
2013-10-16	1.3351		4.9540		5.1870		
2013-10-15	1.3112		4.9360		5.1870		
2013-10-14	1.3565		4.9870		5.1890		
2013-10-13	2.7404		5.0140		5.2010		
2013-10-11	1.3577		5.0520		
2013-10-10	1.3994		5.0780		5.2380		
2013-10-09	1.3009		5.0830		5.2290		
2013-10-08	1.4092		5.1380		5.1690		
2013-10-07	9.8528		5.1370		5.0870		
2013-09-30	1.4064		5.4420		
2013-09-29	2.7938		5.4160		5.0440		
2013-09-27	1.3900		5.3560		
2013-09-26	2.1915		5.3300		4.9630		
2013-09-25	1.3331		4.8860		4.7970		
2013-09-24	1.3213		4.8830		4.7770		
2013-09-23	1.3566		4.8770		4.7580		
2013-09-22	5.3592		4.8550		4.7160		
2013-09-18	1.3266		4.7910		
2013-09-17	1.3112		4.7570		4.6710		
2013-09-16	1.3141		4.8930		4.6630		
2013-09-15	2.6316		4.8610		4.7820		
2013-09-13	1.3078		4.7820		
2013-09-12	1.2965		4.7470		4.7500		
2013-09-11	1.2624		4.7140		4.7490		
2013-09-10	1.5716		4.6900		4.7480		
2013-09-09	1.2520		4.5040		4.6980		
2013-09-08	2.4807		4.5070		4.7030		
2013-09-06	1.2402		4.5220		
2013-09-05	1.2326		4.5250		4.7390		
2013-09-04	1.2181		4.5420		4.7510		
2013-09-03	1.2148		4.5640		4.7650		
2013-09-02	1.2578		4.5920		4.7740		
2013-09-01	2.5093		4.9780		4.7860		
2013-08-30	1.2449		4.9800		
2013-08-29	1.2666		4.9790		4.8190		
2013-08-28	1.2590		4.9920		4.8340		
2013-08-27	1.2686		4.9890		4.8480		
2013-08-26	1.9987		4.9980		4.8600		
2013-08-25	2.5135		4.6240		4.7450		
2013-08-23	1.2424		4.6790		
2013-08-22	1.2922		4.7140		4.7900		
2013-08-21	1.2532		4.7190		4.7960		
2013-08-20	1.2862		4.7410		4.8090		
2013-08-19	1.2807		4.7320		4.8050		
2013-08-18	2.6189		4.7550		4.8110		
2013-08-16	1.3089		4.7660		
2013-08-15	1.3021		4.7660		4.8960		
2013-08-14	1.2947		4.7910		4.9260		
2013-08-13	1.2693		4.8140		4.9550		
2013-08-12	1.3247		4.8500		4.9880		
2013-08-11	2.6411		4.8570		5.0260		
2013-08-09	1.3080		4.8770		
2013-08-08	1.3500		4.8910		5.0890		
2013-08-07	1.3395		4.8780		5.1230		
2013-08-06	1.3386		4.8720		5.1630		
2013-08-05	1.3375		4.8330		5.2030		
2013-08-04	2.6792		4.8220		5.2440		
2013-08-02	1.3349		4.9610		
2013-08-01	1.3256		5.0320		5.3430		
2013-07-31	1.3281		5.1090		5.3810		
2013-07-30	1.2641		5.1790		5.4300		
2013-07-29	1.3160		5.2800		5.3920		
2013-07-28	2.9458		5.3980		5.4880		
2013-07-26	1.4709		5.3640		
2013-07-25	1.4723		5.3440		5.7140		
2013-07-24	1.4633		5.3830		5.7980		
2013-07-23	1.4579		5.4370		5.8890		
2013-07-22	1.5426		5.4960		5.8260		
2013-07-21	2.8797		5.5110		5.7420		
2013-07-19	1.4325		5.6450		
2013-07-18	1.5482		5.6550		6.2350		
2013-07-17	1.5659		5.6510		6.3250		
2013-07-16	1.5719		5.6740		
2013-07-15	1.5714		5.3980		6.4330		
2013-07-14	3.1366		5.5530		6.5000		
2013-07-12	1.4503		5.9070		
2013-07-11	1.5422		6.1430		6.6440		
2013-07-10	1.6092		6.3600		6.6520		
2013-07-09	1.0433		6.5570		6.6330		
2013-07-08	1.8683		6.5850		6.5430		
2013-07-07	3.8152		6.1610		6.3870		
2013-07-05	1.9029		6.6580		
2013-07-04	1.9581		6.9060		5.9160		
2013-07-03	1.9869		6.9630		5.8540		
2013-07-02	1.0966		6.8960		5.7810		
2013-07-01	1.0557		7.3170		5.8800		
2013-06-30	4.7683		7.7870		
2013-06-28	2.3793		7.1820		
2013-06-27	2.0669		6.8830		4.8610		
2013-06-26	1.8592		6.6330		4.6760		
2013-06-25	1.9038		6.4470		4.5190		
2013-06-24	1.9563		5.7260		4.3440		
2013-06-23	3.6073		5.2130		4.1640		
2013-06-21	1.8071		4.3810		
2013-06-20	1.5878		3.9580		3.7060		
2013-06-19	1.5008		3.6640		3.5900		
2013-06-18	0.5211		3.4160		3.4820		
2013-06-17	0.9730		3.6790		3.5280		
2013-06-16	2.0129		3.7060		3.5150		
2013-06-14	0.9954		3.7260		
2013-06-13	1.0244		3.7410		3.4630		
2013-06-12	5.1258		3.7290		3.4180		
2013-06-07	1.0234		3.4690		
2013-06-06	1.0022		3.4190		3.2770		
2013-06-05	0.9599		3.3760		3.2610		
2013-06-04	0.8941		3.3360		3.2540		
2013-06-03	0.9204		3.2790		3.2570		
2013-06-02	1.8538		3.2660		3.2560		
2013-05-30	0.9203		3.2300		3.2500		
2013-05-29	0.8828		3.2200		3.2480		
2013-05-28	0.7861		3.2280		3.2450		
2013-05-27	0.8949		3.2880		3.2740		
2013-05-26	1.8088		3.2760		3.2850		
2013-05-24	0.9015		3.2280		
2013-05-23	0.9007		3.1810		3.3210		
2013-05-22	0.8991		3.1880		3.3230		
2013-05-21	0.9001		3.1980		3.3250		
2013-05-20	0.8718		3.2050		3.3270		
2013-05-19	1.7171		3.2260		3.3470		
2013-05-17	0.8122		3.2860		
2013-05-16	0.9138		3.3390		3.4380		
2013-05-15	0.9175		3.3360		3.4490		
2013-05-14	0.9136		3.3080		3.4580		
2013-05-13	0.9124		3.3300		3.4690		
2013-05-12	1.8323		3.3530		3.5150		
2013-05-10	0.9146		3.4140		
2013-05-09	0.9068		3.4430		3.5530		
2013-05-08	0.8644		3.4760		3.5670		
2013-05-07	0.9554		3.5310		3.5820		
2013-05-06	0.9564		3.5380		3.5750		
2013-05-05	1.9497		3.5450		3.5690		
2013-05-03	0.9710		3.5390		
2013-05-02	0.9694		3.5310		3.5420		
2013-05-01	4.8471		3.5340		3.4270		
2013-04-26	0.9558		3.6670		
2013-04-25	0.9745		3.6830		3.3910		
2013-04-24	0.9747		3.6900		3.4100		
2013-04-23	0.9747		3.6790		3.4980		
2013-04-22	1.1789		3.6480		3.5120		
2013-04-21	1.9740		3.5130		3.4920		
2013-04-19	0.9865		3.4450		
2013-04-18	0.9878		3.4110		3.5260		
2013-04-17	0.9535		3.3710		3.5360		
2013-04-16	0.9147		3.2180		3.6680		
2013-04-15	0.9213		3.0630		3.6840		
2013-04-14	1.8430		3.1360		3.6990		
2013-04-12	0.9209		3.2650		
2013-04-11	0.9112		3.3300		3.7400		
2013-04-10	0.6601		3.3990		3.7570		
2013-04-09	0.6187		3.5990		3.8170		
2013-04-08	1.0612		3.8250		3.8840		
2013-04-07	4.1791		3.8260		3.8410		
2013-04-03	1.0426		3.8370		
2013-04-02	1.0534		4.1880		3.8400		
2013-04-01	1.0620		4.1640		3.8290		
2013-03-31	2.1084		4.1340		3.8230		
2013-03-29	1.0512		4.0790		
2013-03-28	1.0401		4.0530		3.8110		
2013-03-27	1.7168		4.0350		3.8070		
2013-03-26	1.0065		3.6650		3.8030		
2013-03-25	1.0046		3.6630		3.7920		
2013-03-24	2.0033		3.6630		3.7800		
2013-03-22	1.0012		3.6660		
2013-03-21	1.0068		3.6680		3.7490		
2013-03-20	1.0058		3.6660		3.7380		
2013-03-19	1.0024		3.6660		3.7980		
2013-03-18	1.0051		3.6600		3.7860		
2013-03-17	2.0092		3.6720		3.7660		
2013-03-15	1.0046		3.6990		
2013-03-14	1.0040		3.7110		3.7060		
2013-03-13	1.0050		3.7200		3.6860		
2013-03-12	0.9917		4.0790		3.6660		
2013-03-11	1.0277		4.0520		3.5960		
2013-03-10	2.0606		4.0040		
2013-03-08	1.0286		3.9120		
2013-03-07	1.0202		3.8670		
2013-03-06	1.6938		3.8270		
2013-03-05	0.9395		3.6500		3.3720		
2013-03-04	0.9368		3.6470		
2013-03-03	1.8842		3.6230		
2013-03-01	0.9424		3.5690		
2013-02-28	0.9435		3.5400		
2013-02-27	1.3535		3.5110		
2013-02-26	0.9333		3.2700		
2013-02-25	0.9333		3.2700		
2013-02-24	1.7801		3.1260		
2013-02-22	0.8870		3.2010		
2013-02-21	0.8883		3.2400		
2013-02-20	0.8902		3.2790		
2013-02-19	0.5868		3.3160		
2013-02-18	0.9622		3.5120		3.8440		
2013-02-17	28.527		3.5120		
2013-02-08	2.9018		4.5220		
2013-02-01	0.9618		3.6470		
