2014-06-03	0.9474		3.5400		
2014-05-30	0.9470		3.5400		
2014-05-29	0.9402		3.5400		
2014-05-28	0.8779		4.0840		
2014-05-26	0.9797		3.5759		4.0840		
2014-05-25	1.9594		3.5759		4.0840		
2014-05-23	0.9797		3.5759		4.0840		
2014-05-22	0.9797		3.5759		4.0840		
2014-05-21	0.9797		3.5759		4.0840		
2014-05-20	0.9797		3.5759		3.7940		
2014-05-19	0.9797		3.5759		3.7940		
2014-05-18	1.9594		3.5759		3.7940		
2014-05-16	0.9797		3.5759		4.0840		
2014-05-15	0.9797		3.5759		4.0840		
2014-05-14	0.9797		3.5759		4.0840		
2014-05-13	0.9797		3.5759		4.0840		
2014-05-12	0.9797		3.5755		4.0840		
2014-05-11	1.9594		3.5755		4.0840		
2014-05-09	0.9797		3.5757		4.0840		
2014-05-08	0.9797		3.5758		
2014-05-07	0.9797		3.5759		
2014-05-06	0.9789		3.5777		
2014-05-05	0.9798		3.5781		
2014-05-04	3.9194		3.5466		
2014-04-30	0.9832		
2014-04-29	0.9798		4.0840		
2014-04-28	0.9193		
2014-04-25	0.9193		3.8197		3.8280		
2014-04-24	0.6667		3.9388		3.8280		
2014-04-23	1.1479		4.1897		3.8280		
2014-04-22	1.1479		4.1897		3.8280		
2014-04-21	1.1479		4.1896		3.8280		
2014-04-20	2.2958		4.1896		3.8280		
2014-04-18	1.1477		4.1876		3.8280		
2014-04-17	1.1479		4.1938		3.8280		
2014-04-16	1.1479		4.1999		3.8280		
2014-04-15	1.1477		4.2060		3.8280		
2014-04-14	1.1479		4.2122		3.8280		
2014-04-13	2.2919		3.8280		
2014-04-11	1.1596		3.8280		
2014-04-10	1.1596		3.8280		
2014-04-09	1.1596		3.8280		
2014-04-08	1.1596		3.8280		
2014-04-04	1.1596		4.2427		3.8280		
2014-04-03	1.1587		3.8280		
2014-04-02	1.1587		3.9488		3.8280		
2014-04-01	1.1601		3.4739		3.5930		
2014-03-31	1.1752		3.4276		3.8280		
2014-03-30	2.3243		3.3735		3.8280		
2014-03-28	1.1485		3.8280		
2014-03-27	0.6063		3.8280		
2014-03-26	0.2478		7.0010		
2014-03-25	1.0714		7.0010		
2014-03-24	1.0714		7.0010		
2014-03-21	1.0714		3.9106		7.0010		
2014-03-20	1.0714		3.9106		7.0010		
2014-03-19	1.0714		3.9106		7.0010		
2014-03-18	1.0714		3.9106		7.0010		
2014-03-17	1.0714		3.9106		7.0010		
2014-03-16	2.1428		3.9106		7.0010		
2014-03-14	1.0714		3.9106		7.0010		
2014-03-13	1.0714		3.9106		7.0010		
2014-03-12	1.0714		3.9106		7.0010		
2014-03-11	1.0714		3.9106		7.0010		
2014-03-10	1.0714		3.9106		7.0010		
2014-03-09	2.1428		3.9106		7.0010		
2014-03-07	1.0714		3.9107		
2014-03-06	1.0714		3.9855		
2014-03-05	1.0714		3.9856		
2014-03-04	1.0713		3.9994		
2014-03-03	1.0715		3.6803		
2014-03-02	2.1430		4.1490		
2014-02-28	1.2149		5.0862		
2014-02-27	1.0715		5.4800		
2014-02-26	1.0978		5.9486		
2014-02-25	0.4595		6.4035		
2014-02-24	1.9702		7.1912		6.6410		
2014-02-23	3.9404		7.1912		6.6410		
2014-02-21	1.9702		7.1912		6.6410		
2014-02-20	1.9702		6.6410		
2014-02-19	1.9702		6.6410		
2014-02-18	1.9702		6.6410		
2014-02-17	1.9702		6.6410		
2014-02-16	3.9404		6.6410		
2014-01-24	1.8393		6.7135		5.9120		
2014-01-23	1.8393		6.7135		5.9120		
2014-01-22	1.8393		6.7135		5.9120		
2014-01-21	1.8393		6.7129		5.9120		
2014-01-20	1.8393		6.7129		5.9120		
2014-01-19	3.6787		6.7129		5.9120		
2014-01-17	1.8393		6.7129		5.9120		
2014-01-16	1.8393		6.7129		5.9120		
2014-01-15	1.8382		5.9120		
2014-01-14	1.8393		5.9120		
2014-01-13	1.8393		5.9120		
2014-01-12	3.6787		5.9120		
2014-01-10	1.8393		5.9120		
2013-12-31	2.1338		5.9120		
2013-12-27	1.9318		6.2408		
2013-12-26	1.6339		6.1098		
2013-12-25	1.6806		6.1341		4.7490		
2013-12-24	1.6806		6.1341		4.7490		
2013-12-23	1.6806		6.1341		4.7490		
2013-12-22	3.3611		6.1341		4.7490		
2013-12-20	1.6806		6.1341		4.7490		
2013-12-19	1.6806		6.1341		4.7490		
2013-12-18	1.6806		6.1341		4.7490		
2013-12-17	1.6806		6.1341		4.7490		
2013-12-16	1.6806		6.1341		4.7490		
2013-12-15	3.3611		6.1341		4.7490		
2013-12-13	1.6806		6.1341		4.7490		
2013-12-12	1.6806		6.1341		4.7490		
2013-12-11	1.6806		6.1341		4.7490		
2013-12-10	1.6806		6.1341		4.7490		
2013-12-09	1.6806		6.1341		4.7490		
2013-12-08	3.3611		6.1341		4.7490		
2013-12-06	1.6806		6.1341		4.7490		
2013-12-05	1.6806		6.1341		4.7490		
2013-12-04	1.6806		6.1304		4.7490		
2013-12-03	1.6806		6.0923		4.7490		
2013-12-02	1.6806		6.0327		4.7490		
2013-12-01	3.3611		5.9608		4.7490		
2013-11-29	1.6806		5.8172		4.7490		
2013-11-28	1.6735		5.7454		4.7490		
2013-11-27	1.6075		5.6772		4.7490		
2013-11-26	1.5662		5.6435		4.7490		
2013-11-25	1.5428		5.6311		4.7490		
2013-11-24	3.0857		5.6483		4.7490		
2013-11-22	1.5428		5.6827		4.7490		
2013-11-21	1.5428		5.6999		4.7490		
2013-11-20	1.5428		5.7171		4.7490		
2013-11-19	1.5425		5.7343		4.7490		
2013-11-18	1.5758		5.7517		4.7490		
2013-11-17	3.1516		5.7517		4.7490		
2013-11-15	1.5758		5.7517		4.7490		
2013-11-14	1.5758		4.7490		
2013-11-13	1.5758		4.7490		
2013-11-12	1.5758		4.7490		
2013-11-11	1.5758		4.7490		
2013-11-10	3.1516		4.7490		
2013-10-25	1.3063		4.7702		9.1000		
2013-10-24	1.3070		4.7703		9.1000		
2013-10-23	1.3070		4.7703		9.1000		
2013-10-22	1.3070		4.7703		9.1000		
2013-10-21	1.3070		4.7703		9.1000		
2013-10-20	2.6140		4.7703		9.1000		
2013-10-18	1.3066		4.7703		9.1000		
2013-10-17	1.3070		4.7706		9.1000		
2013-10-16	1.3070		4.7706		9.1000		
2013-10-15	1.3070		4.7706		9.1000		
2013-10-14	1.3070		4.7706		9.1000		
2013-10-13	2.6140		4.7706		9.1000		
2013-10-11	1.3070		4.7706		9.1000		
2013-10-10	1.3070		4.7706		
2013-10-09	1.3070		4.7706		9.1000		
2013-10-08	1.3070		4.7706		9.1000		
2013-10-07	9.1491		4.7706		
2013-09-30	1.3070		4.7706		9.1000		
2013-09-29	2.6140		4.7706		9.1000		
2013-09-27	1.3070		4.7706		9.1000		
2013-09-26	1.3070		4.7706		9.1000		
2013-09-25	1.3070		4.7706		9.1000		
2013-09-24	1.3070		4.7706		9.1000		
2013-09-23	1.3070		4.7706		9.1000		
2013-09-22	5.2280		4.7706		9.1000		
2013-09-18	1.3070		4.7706		9.1000		
2013-09-17	1.3070		4.7735		9.1000		
2013-09-16	1.3070		4.7764		9.1000		
2013-09-15	2.6140		4.7793		9.1000		
2013-09-13	1.3070		4.7851		9.1000		
2013-09-12	1.3070		9.1000		
2013-09-11	1.3126		9.1000		
2013-09-10	1.3126		9.1000		
2013-09-09	1.3126		9.1000		
2013-09-08	2.6251		9.1000		
2013-08-26	2.4688		9.0112		3.9180		
2013-08-25	4.9377		9.0110		3.9180		
2013-08-23	2.4688		9.0107		3.9180		
2013-08-22	2.4688		9.0105		3.9180		
2013-08-21	2.4688		9.0103		3.9180		
2013-08-20	2.4688		9.0102		3.9180		
2013-08-19	2.4685		9.0100		3.9180		
2013-08-18	4.9370		9.0098		3.9180		
2013-08-16	2.4685		9.0092		3.9180		
2013-08-15	2.4685		9.0090		3.9180		
2013-08-14	2.4685		9.0087		3.9180		
2013-08-13	2.4685		9.0085		3.9180		
2013-08-12	2.4680		9.0070		3.9180		
2013-08-11	4.9360		9.0019		3.9180		
2013-08-09	2.4680		8.9892		3.9180		
2013-08-08	2.4680		8.9909		3.9180		
2013-08-07	2.4680		8.9930		3.9180		
2013-08-06	2.4657		8.9951		3.9180		
2013-08-05	2.4582		8.9983		3.9180		
2013-08-04	4.9117		9.0043		3.9180		
2013-08-02	2.4712		9.0236		3.9180		
2013-08-01	2.4720		9.0168		3.9180		
2013-07-31	2.4720		9.0055		3.9180		
2013-07-30	2.4720		9.0579		3.9180		
2013-07-29	2.4697		9.1103		3.9180		
2013-07-28	4.9486		9.1637		3.9180		
2013-07-26	2.4581		9.2662		3.9180		
2013-07-25	2.4505		9.3258		3.9180		
2013-07-24	2.5725		9.3894		3.9180		
2013-07-23	2.5725		9.3894		3.9180		
2013-07-22	2.5721		9.3894		3.9180		
2013-07-21	5.1450		9.3896		3.9180		
2013-07-19	2.5725		3.9180		
2013-07-18	2.5725		3.9180		
2013-07-17	2.5725		3.9180		
2013-07-16	2.5725		
2013-07-15	2.5725		
2013-07-12	2.5725		3.9180		
2013-07-11	2.5730		3.9180		
2013-07-10	2.5713		3.9180		
2013-07-09	2.5732		3.9180		
2013-06-30	5.1290		
2013-06-25	0.8523		4.6483		3.4290		
2013-06-24	0.8523		4.5128		3.4290		
2013-06-23	1.7046		4.3773		3.4290		
2013-06-21	4.3202		4.1061		3.4290		
2013-06-20	0.5926		2.1622		3.4290		
2013-06-19	0.5925		2.1607		3.4290		
2013-06-18	0.5925		2.1593		3.4290		
2013-06-17	0.5924		2.1578		3.4290		
2013-06-16	1.1845		2.1563		3.4290		
2013-06-14	0.5921		2.1536		3.4290		
2013-06-13	0.5899		2.1514		3.4290		
2013-06-12	2.9482		2.1467		
2013-06-07	0.5879		2.2652		3.4290		
2013-06-06	0.5809		3.4290		
2013-06-05	0.5808		3.4290		
2013-06-04	0.5800		3.4290		
2013-06-03	0.5710		3.4290		
2013-06-02	1.4436		3.4290		
2013-05-30	0.7723		2.7473		3.4290		
2013-05-29	0.7683		2.9063		3.4290		
2013-05-28	0.7792		3.0779		3.4290		
2013-05-27	0.7420		3.2410		3.4290		
2013-05-26	1.4839		3.4235		3.4290		
2013-05-24	0.7230		3.7886		3.4290		
2013-05-23	1.0774		3.9810		3.4290		
2013-05-22	1.0974		3.9886		3.4290		
2013-05-21	1.0920		3.9848		3.4290		
2013-05-20	1.0920		3.9818		3.4290		
2013-05-19	2.1840		3.9824		3.4290		
2013-05-17	1.0920		3.9837		3.4290		
2013-05-16	1.0920		3.9843		3.4290		
2013-05-15	1.0901		3.4290		
2013-05-14	1.0862		3.4290		
2013-05-13	1.0932		3.4290		
2013-05-12	2.1864		3.4290		
2013-05-10	1.0932		
2013-04-22	0.5342		1.9466		4.3370		
2013-04-21	1.0682		1.9398		4.3370		
2013-04-19	0.5340		1.9218		4.3370		
2013-04-18	0.5332		1.9217		4.3370		
2013-04-17	0.5339		1.9105		4.3370		
2013-04-16	0.5297		1.9599		4.3370		
2013-04-15	0.5211		2.0713		4.3370		
2013-04-14	1.0338		2.2440		4.3370		
2013-04-12	0.5337		2.5938		4.3370		
2013-04-11	0.5117		2.7600		4.3370		
2013-04-10	0.6288		2.9376		4.3370		
2013-04-09	0.7433		3.0542		4.3370		
2013-04-08	0.8523		3.1106		4.3370		
2013-04-07	3.4094		3.1105		4.3370		
2013-04-03	0.8523		3.0481		4.3370		
2013-04-02	0.8516		2.9768		4.3370		
2013-04-01	0.8520		3.0767		4.3370		
2013-03-31	1.7040		3.1762		
2013-03-29	0.8429		3.3771		4.3370		
2013-03-28	0.7429		3.4910		4.3370		
2013-03-27	0.7156		3.6617		4.3370		
2013-03-26	1.0431		3.8465		4.3370		
2013-03-25	1.0428		3.8606		4.3370		
2013-03-24	2.0893		3.8748		4.3370		
2013-03-22	1.0614		3.9014		4.3370		
2013-03-21	1.0702		3.9060		4.3370		
2013-03-20	1.0701		3.9014		4.3370		
2013-03-19	1.0701		3.8949		4.3370		
2013-03-18	1.0701		3.8942		4.3370		
2013-03-17	2.1403		3.8981		4.3370		
2013-03-15	1.0701		3.9059		4.3370		
2013-03-14	1.0614		
2013-03-13	1.0576		
2013-03-12	1.0688		
2013-03-11	1.0776		
2013-03-10	2.1552		
2013-02-25	0.5258		3.8510		3.7710		
2013-02-24	2.2823		4.1739		3.7710		
2013-02-22	1.1411		4.1779		3.7710		
2013-02-21	1.1456		4.1800		3.7710		
2013-02-20	1.1411		4.1797		3.7710		
2013-02-19	1.1496		4.1818		3.7710		
2013-02-18	1.1450		4.1794		3.7710		
2013-02-17	10.305		4.1794		3.7710		
2013-02-08	1.1879		4.2157		3.7710		
2013-02-07	1.1411		4.1967		3.7710		
2013-02-06	1.1510		4.2021		3.7710		
2013-02-05	1.1510		4.2003		3.7710		
2013-02-04	1.1510		4.1955		3.7710		
2013-02-03	2.3029		4.1873		3.7710		
2013-02-01	1.1515		3.9839		3.7710		
2013-01-31	1.1515		3.8789		3.7710		
2013-01-30	1.1475		3.9453		3.7710		
2013-01-29	1.1417		4.0139		3.7710		
2013-01-28	1.1353		4.0854		3.7710		
2013-01-27	1.9129		4.1603		3.7710		
2013-01-25	0.9500		4.4966		3.7710		
2013-01-24	1.2790		4.6682		3.7710		
2013-01-23	1.2790		4.6682		3.7710		
2013-01-22	1.2788		4.6682		3.7710		
2013-01-21	1.2790		4.6683		3.7710		
2013-01-20	2.5579		4.6683		3.7710		
2013-01-18	1.2790		4.6683		3.7710		
2013-01-17	1.2790		4.6614		3.7710		
2013-01-16	1.2790		3.7710		
2013-01-15	1.2790		3.7710		
2013-01-14	1.2790		3.7710		
2013-01-13	2.5579		3.7710		
2013-01-11	1.2658		
2012-12-24	0.9439		7.2103		3.7340		
2012-12-23	1.8875		7.0320		3.7340		
2012-12-21	1.1581		6.6753		3.7340		
2012-12-20	0.9861		6.3850		3.7340		
2012-12-19	8.2502		6.1828		3.7340		
2012-12-18	0.6022		2.1893		3.7340		
2012-12-17	0.6020		2.1885		3.7340		
2012-12-16	1.2034		2.1878		3.7340		
2012-12-14	0.6014		2.1861		3.7340		
2012-12-13	0.5983		2.1853		3.7340		
2012-12-12	0.5914		2.1860		3.7340		
2012-12-11	0.6007		2.1891		3.7340		
2012-12-10	0.6005		2.1843		3.7340		
2012-12-09	1.2003		2.1798		3.7340		
2012-12-07	0.5998		2.1750		3.7340		
2012-12-06	0.5996		2.1686		3.7340		
2012-12-05	0.5973		2.2874		3.7340		
2012-12-04	0.5915		2.4050		3.7340		
2012-12-03	0.5920		2.6156		3.7340		
2012-12-02	1.1910		2.8237		3.7340		
2012-11-30	0.5875		3.3617		3.7340		
2012-11-29	0.8275		3.6349		3.7340		
2012-11-28	0.8229		3.7829		3.7340		
2012-11-27	0.9953		3.9333		3.7340		
2012-11-26	0.9912		3.9937		3.7340		
2012-11-25	2.2227		4.0543		3.7340		
2012-11-23	1.1114		4.0517		
2012-11-22	1.1114		4.0499		
2012-11-21	1.1114		4.0481		
2012-11-20	1.1110		4.0462		
2012-11-19	1.1074		4.0446		
2012-11-18	2.2178		4.0449		
2012-11-16	1.1079		4.0438		
2012-11-15	1.1079		4.0438		
2012-11-14	1.1079		4.0455		
2012-11-13	1.1079		
2012-11-12	1.1079		
2012-11-11	2.2157		
2012-11-09	1.1079		
2012-11-08	1.1111		
2012-10-24	1.1389		4.8195		
2012-10-23	1.1389		4.8054		
2012-10-22	1.1389		4.7912		
2012-10-21	2.2777		4.7771		
2012-10-19	1.1371		4.7488		
2012-10-18	2.4114		4.7356		
2012-10-17	1.1118		4.0579		
2012-10-16	1.1117		4.0579		
2012-10-15	1.1118		4.0579		
2012-10-14	2.2235		4.0578		
2012-10-12	1.1118		4.0578		
2012-10-11	1.1117		4.0577		
2012-10-10	1.1117		4.0577		
2012-10-09	1.1117		4.0577		
2012-10-08	1.1117		4.0577		
2012-10-07	10.005		4.0577		
2012-09-28	1.1117		3.4285		
2012-09-27	1.1116		3.3291		
2012-09-26	1.1026		3.2298		
2012-09-25	0.4858		3.1351		
2012-09-24	0.9212		3.3621		
2012-09-23	1.8423		3.3621		
2012-09-21	0.9211		3.3620		
2012-09-20	0.9211		3.3619		
2012-09-19	0.9211		3.3619		
2012-09-18	0.9211		3.3618		
2012-09-17	0.9211		3.3618		
2012-09-16	1.8421		
2012-09-14	0.9210		
2012-09-13	0.9210		
2012-09-12	0.9210		
2012-09-11	0.9210		
2012-08-27	8.8214		6.8609		
2012-08-26	1.7701		3.2123		
2012-08-24	0.6418		2.9398		
2012-08-23	0.6417		2.9277		
2012-08-22	0.6415		2.9156		
2012-08-21	0.6414		2.9034		
2012-08-20	1.8241		2.8912		
2012-08-19	1.2475		3.7906		
2012-08-17	0.6186		3.7993		
2012-08-16	0.6185		3.7953		
2012-08-15	0.6180		3.7910		
2012-08-14	0.6180		3.8375		
2012-08-13	3.5490		3.8836		
2012-08-12	1.2643		2.4996		
2012-08-10	0.6108		2.5740		
2012-08-09	0.6104		2.6221		
2012-08-08	0.7071		3.0297		
2012-08-07	0.7064		3.0777		
2012-08-06	0.8948		3.1258		
2012-08-05	1.4069		3.7180		
2012-08-03	0.7030		3.7839		
2012-08-02	1.3921		3.8170		
2012-08-01	0.7993		3.4908		
2012-07-31	0.7985		3.4733		
2012-07-30	2.0307		3.4676		
2012-07-29	1.5332		4.6327		
2012-07-27	0.7665		4.5670		
2012-07-26	0.7665		4.5194		
2012-07-25	0.7657		4.4718		
2012-07-24	0.7875		
2012-07-23	4.2653		
2012-07-22	1.4072		
2012-07-20	0.6752		
2012-07-19	0.6751		
