2014-06-03	1.0774		3.9333		6.0320		
2014-06-02	3.2323		3.9341		6.0320		
2014-05-30	1.0774		3.9365		3.9365		
2014-05-29	1.0774		3.9373		6.0320		
2014-05-28	1.0789		3.9380		6.0320		
2014-05-27	1.0789		3.9350		6.0320		
2014-05-26	1.0789		3.9319		6.0320		
2014-05-25	2.1579		3.9288		6.0320		
2014-05-23	1.0789		3.9226		6.0320		
2014-05-22	1.0789		3.9195		6.0320		
2014-05-21	1.0730		3.9165		6.0320		
2014-05-20	1.0730		3.9165		6.0320		
2014-05-19	1.0730		3.9165		6.0320		
2014-05-18	2.1460		3.9165		6.0320		
2014-05-16	1.0730		3.9165		6.0320		
2014-05-15	1.0730		3.9165		6.0320		
2014-05-14	1.0730		3.9165		6.0320		
2014-05-13	1.0730		3.9003		6.0320		
2014-05-12	1.0730		3.8842		6.0320		
2014-05-11	2.1460		3.8847		6.0320		
2014-05-09	1.0730		3.8857		6.0320		
2014-05-08	1.0730		3.8861		6.0320		
2014-05-07	1.0421		3.8866		6.0320		
2014-05-06	1.0421		3.9047		6.0320		
2014-05-05	1.0739		3.9212		6.0320		
2014-05-04	4.2957		3.8972		6.0320		
2014-04-30	1.0767		3.8972		6.0320		
2014-04-29	1.0739		3.8957		6.0320		
2014-04-28	1.0278		3.8957		6.0320		
2014-04-27	2.1478		3.9197		6.0320		
2014-04-25	1.0739		3.9197		6.0320		
2014-04-24	1.0739		3.9185		6.0320		
2014-04-23	1.0739		3.9185		6.0320		
2014-04-22	1.0739		3.9186		6.0320		
2014-04-21	1.0739		3.9186		6.0320		
2014-04-20	2.1478		3.9183		6.0320		
2014-04-18	1.0715		6.0320		
2014-04-17	1.0740		6.0320		
2014-04-16	1.0740		6.0320		
2014-04-15	1.0740		
2014-04-14	1.0732		6.0320		
2014-04-11	1.0725		6.0320		
2014-04-10	1.0725		6.0320		
2014-04-09	1.0742		6.0320		
2014-04-08	1.0742		6.0320		
2014-04-04	1.0424		3.5767		6.0320		
2014-04-03	1.0097		3.4396		
2014-04-02	0.8361		3.7807		6.0320		
2014-04-01	0.8727		4.2123		6.0320		
2014-03-31	1.0021		4.6249		6.0320		
2014-03-30	2.0964		4.9699		6.0320		
2014-03-28	0.7794		4.7790		
2014-03-27	1.6639		4.7790		
2014-03-26	1.6639		4.7790		
2014-03-25	1.6639		4.7790		
2014-03-24	1.6639		4.7790		
2014-03-21	1.6640		6.0733		4.7790		
2014-03-20	1.6639		6.0732		4.7790		
2014-03-19	1.6639		6.0732		4.7790		
2014-03-18	1.6639		6.0732		4.7790		
2014-03-17	1.6639		6.0732		4.7790		
2014-03-16	3.3278		6.0732		4.7790		
2014-03-14	1.6639		6.0732		4.7790		
2014-03-13	1.6639		6.0732		4.7790		
2014-03-12	1.6639		6.0732		4.7790		
2014-03-11	1.6639		6.0732		4.7790		
2014-03-10	1.6639		6.0732		4.7790		
2014-03-09	3.3278		6.0732		4.7790		
2014-03-07	1.6639		6.0732		4.7790		
2014-03-06	1.6639		6.0732		4.7790		
2014-03-05	1.6639		6.0732		4.7790		
2014-03-04	1.6639		6.0732		4.7790		
2014-03-03	1.6639		6.0732		4.7790		
2014-03-02	3.3278		6.0732		4.7790		
2014-02-28	1.6639		6.0732		4.7790		
2014-02-27	1.6639		6.0732		4.7790		
2014-02-26	1.6639		6.0732		4.7790		
2014-02-25	1.6639		6.0732		4.7790		
2014-02-24	1.6639		6.0732		4.7790		
2014-02-23	3.3278		6.0732		4.7790		
2014-02-21	1.6639		6.0732		4.7790		
2014-02-20	1.6639		6.0732		4.7790		
2014-02-19	1.6639		6.0732		4.7790		
2014-02-18	1.6639		6.0732		4.7790		
2014-02-17	1.6639		6.0732		4.7790		
2014-02-16	3.3278		6.0732		4.7790		
2014-02-14	1.6639		6.0732		4.7790		
2014-02-13	1.6639		6.0732		4.7790		
2014-02-12	1.6639		4.7790		
2014-02-11	1.6639		4.7790		
2014-02-10	1.6639		4.7790		
2014-02-09	3.3278		4.7790		
2014-02-07	1.6639		4.7790		
2014-01-30	1.6697		6.0759		4.7790		
2014-01-29	1.6639		6.0730		4.7790		
2014-01-28	1.6639		6.0731		4.7790		
2014-01-27	1.6626		6.0732		4.7790		
2014-01-26	3.3282		6.0740		4.7790		
2014-01-24	1.6641		6.0740		4.5090		
2014-01-23	1.6641		6.0736		4.7790		
2014-01-22	1.6641		6.0736		4.7790		
2014-01-21	1.6641		4.7790		
2014-01-20	1.6641		4.7790		
2014-01-19	3.3282		4.7790		
2014-01-17	1.6634		4.7790		
2014-01-16	1.6641		4.7790		
2014-01-14	1.6641		4.7790		
2014-01-13	1.6067		4.7790		
2014-01-12	3.3282		4.7790		
2013-12-31	1.4248		4.7790		
2013-12-26	1.3283		4.8484		6.4890		
2013-12-25	1.3283		4.8484		6.4890		
2013-12-24	1.3283		4.8484		6.4890		
2013-12-23	1.3284		4.8484		6.4890		
2013-12-22	2.6567		4.8483		6.4890		
2013-12-20	1.3283		4.8483		6.4890		
2013-12-19	1.3283		4.8483		6.4890		
2013-12-18	1.3283		4.8483		6.4890		
2013-12-17	1.3283		4.8483		6.4890		
2013-12-16	1.3283		4.8483		6.4890		
2013-12-15	2.6566		4.8483		6.4890		
2013-12-13	1.3283		4.8483		6.4890		
2013-12-12	1.3283		4.8483		6.4890		
2013-12-11	1.3283		4.8483		6.4890		
2013-12-10	1.3283		4.8483		6.4890		
2013-12-09	1.3283		4.8483		6.4890		
2013-12-08	2.6566		4.8483		6.4890		
2013-12-06	1.3283		4.8483		6.4890		
2013-12-05	1.3283		4.8483		6.4890		
2013-12-04	1.3283		4.8483		6.4890		
2013-12-03	1.3283		4.8483		6.4890		
2013-12-02	1.3283		4.8483		6.4890		
2013-12-01	2.6566		4.8483		6.4890		
2013-11-29	1.3283		4.8483		6.4890		
2013-11-28	1.3283		4.8483		6.4890		
2013-11-27	1.3283		4.8483		6.4890		
2013-11-26	1.3283		4.8483		6.4890		
2013-11-25	1.3283		4.8483		6.4890		
2013-11-24	2.6566		4.8483		6.4890		
2013-11-22	1.3283		4.8483		6.4890		
2013-11-21	1.3283		4.8483		6.4890		
2013-11-20	1.3283		4.8483		6.4890		
2013-11-19	1.3283		4.8483		6.4890		
2013-11-18	1.3283		4.8483		6.4890		
2013-11-17	2.6566		4.8483		6.4890		
2013-11-15	1.3283		4.8483		6.4890		
2013-11-14	1.3283		4.8483		6.4890		
2013-11-13	1.3283		4.8483		6.4890		
2013-11-12	1.3283		4.8483		6.4890		
2013-11-11	1.3283		4.8483		6.4890		
2013-11-10	2.6566		4.8483		6.4890		
2013-11-08	1.3283		4.8484		6.4890		
2013-11-07	1.3283		4.8485		6.4890		
2013-11-06	1.3283		4.8492		6.4890		
2013-11-05	1.3283		4.8492		6.4890		
2013-11-04	1.3283		4.8493		6.4890		
2013-11-03	2.6568		4.8493		6.4890		
2013-11-01	1.3284		4.8493		6.4890		
2013-10-31	1.3297		4.8490		6.4890		
2013-10-30	1.3284		4.8483		6.4890		
2013-10-29	1.3284		4.8483		6.4890		
2013-10-28	1.3284		4.8483		6.4890		
2013-10-27	2.6568		6.4890		
2013-10-25	1.3278		6.4890		
2013-10-24	1.3284		6.4890		
2013-10-23	1.3284		6.4890		
2013-10-22	1.3284		6.4890		
2013-09-25	1.5387		6.3076		3.6980		
2013-09-24	1.5616		6.4434		3.6980		
2013-09-23	1.7993		6.5674		3.6980		
2013-09-22	7.1971		6.5674		3.6980		
2013-09-18	1.7993		6.5674		3.6980		
2013-09-17	1.7993		6.5703		3.6980		
2013-09-16	1.7993		6.5731		3.6980		
2013-09-15	3.5985		6.5760		3.6980		
2013-09-13	1.7993		6.5818		3.6980		
2013-09-12	1.7993		6.5847		3.6980		
2013-09-11	1.8048		6.5876		3.6980		
2013-09-10	1.8048		6.5873		3.6980		
2013-09-09	1.8048		6.5844		3.6980		
2013-09-08	3.6097		6.5823		3.6980		
2013-09-06	1.8048		6.5778		3.6980		
2013-09-05	1.8048		6.5807		3.6980		
2013-09-04	1.8043		6.5813		3.6980		
2013-09-03	1.7993		6.5823		3.6980		
2013-09-02	1.8006		6.5859		3.6980		
2013-09-01	3.6012		6.5884		3.6980		
2013-08-30	1.8104		6.5934		3.6980		
2013-08-29	1.8058		6.5908		3.6980		
2013-08-28	1.8063		6.5906		3.6980		
2013-08-27	1.8062		6.5901		3.6980		
2013-08-26	1.8054		6.5897		3.6980		
2013-08-25	3.6108		6.5897		3.6980		
2013-08-23	1.8054		6.5895		3.6980		
2013-08-22	1.8054		6.5894		3.6980		
2013-08-21	1.8054		6.5894		3.6980		
2013-08-20	1.8054		6.5893		3.6980		
2013-08-19	1.8053		6.5893		3.6980		
2013-08-18	3.6105		6.5891		3.6980		
2013-08-16	1.8053		6.5889		3.6980		
2013-08-15	1.8053		6.5887		3.6980		
2013-08-14	1.8053		6.5886		3.6980		
2013-08-13	1.8053		6.5884		3.6980		
2013-08-12	1.8050		6.5883		3.6980		
2013-08-11	3.6100		6.5852		3.6980		
2013-08-09	1.8050		6.5792		3.6980		
2013-08-08	1.8050		6.5762		3.6980		
2013-08-07	1.8050		6.5774		3.6980		
2013-08-06	1.8050		6.5792		3.6980		
2013-08-05	1.7992		6.5804		3.6980		
2013-08-04	3.5985		6.5845		3.6980		
2013-08-02	1.7992		6.5928		3.6980		
2013-08-01	1.8072		6.5970		3.6980		
2013-07-31	1.8086		6.5958		3.6980		
2013-07-30	1.8072		6.5938		3.6980		
2013-07-29	1.8072		6.5925		3.6980		
2013-07-28	3.6144		6.5913		3.6980		
2013-07-26	1.8072		6.5888		3.6980		
2013-07-25	1.8048		6.5875		3.6980		
2013-07-24	1.8048		6.5875		3.6980		
2013-07-23	1.8048		6.5875		3.6980		
2013-07-22	1.8048		6.5875		3.6980		
2013-07-21	3.6096		6.5875		3.6980		
2013-07-19	1.8048		3.6980		
2013-07-18	1.8048		3.6980		
2013-07-17	1.8048		3.6980		
2013-07-16	1.8048		
2013-07-15	1.8048		
2013-06-30	3.6144		
2013-06-26	1.4833		
2013-06-25	1.4833		4.0760		
2013-06-24	1.4704		4.0760		
2013-06-23	2.9228		4.0760		
2013-06-21	9.5024		4.0760		
2013-06-20	4.8847		7.0589		4.0760		
2013-06-19	0.7106		7.1335		4.0760		
2013-06-18	0.7106		7.0166		4.0760		
2013-06-17	5.3689		6.8998		4.0760		
2013-06-16	1.2070		4.3540		4.0760		
2013-06-14	0.6559		4.2321		4.0760		
2013-06-13	5.0276		4.1436		4.0760		
2013-06-12	2.4328		1.7670		
2013-06-07	0.4863		1.8442		4.0760		
2013-06-06	0.4697		4.0760		
2013-06-05	0.4696		4.0760		
2013-06-04	0.4695		4.0760		
2013-06-03	0.4460		4.0760		
2013-06-02	1.1957		4.0760		
2013-05-30	0.6204		2.7112		4.0760		
2013-05-29	0.6174		3.6352		4.0760		
2013-05-28	0.6281		3.5767		4.0760		
2013-05-27	0.6118		3.5004		4.0760		
2013-05-26	1.2317		5.4352		4.0760		
2013-05-24	1.4901		5.3908		4.0760		
2013-05-23	2.3926		4.8867		4.0760		
2013-05-22	0.5051		3.9118		4.0760		
2013-05-21	0.4818		3.9211		4.0760		
2013-05-20	4.3223		3.9365		4.0760		
2013-05-19	1.1466		1.9567		4.0760		
2013-05-17	0.5233		1.9068		4.0760		
2013-05-16	0.5230		1.9079		4.0760		
2013-05-15	0.5230		1.9091		4.0760		
2013-05-14	0.5113		1.9104		4.0760		
2013-05-13	0.5254		1.9177		4.0760		
2013-05-12	1.0508		1.9103		4.0760		
2013-05-10	0.5254		1.8955		4.0760		
2013-05-09	0.5254		1.8881		4.0760		
2013-05-08	0.5254		1.8921		4.0760		
2013-05-07	0.5254		1.8960		4.0760		
2013-05-06	0.5112		1.9000		4.0760		
2013-05-05	1.0225		1.9114		4.0760		
2013-05-03	0.5112		1.9341		4.0760		
2013-05-02	0.5329		1.9453		4.0760		
2013-05-01	2.6651		1.9453		
2013-04-26	0.5328		2.8941		4.0760		
2013-04-25	0.5328		2.8668		4.0760		
2013-04-24	0.4864		3.2625		4.0760		
2013-04-23	2.5190		4.0760		
2013-04-22	0.4927		4.0760		
2013-04-21	0.9867		4.0760		
2013-04-19	0.4804		4.0760		
2013-04-18	1.2917		
2013-04-14	1.0860		4.1890		
2013-03-27	1.0853		4.0186		4.1890		
2013-03-26	1.0853		4.0467		4.1890		
2013-03-25	1.0860		4.0748		4.1890		
2013-03-24	2.1719		4.1025		4.1890		
2013-03-22	1.1389		4.1581		4.1890		
2013-03-21	1.1395		4.1583		4.1890		
2013-03-20	1.1392		4.1348		4.1890		
2013-03-19	1.1392		4.1244		4.1890		
2013-03-18	1.1392		4.1164		4.1890		
2013-03-17	2.2785		4.1124		4.1890		
2013-03-15	1.1392		4.1049		4.1890		
2013-03-14	1.0944		6.5559		
2013-03-13	1.1193		6.5452		4.1890		
2013-03-12	1.1238		6.5215		4.1890		
2013-03-11	1.1316		6.4942		4.1890		
2013-03-10	2.2641		6.4522		4.1890		
2013-03-08	5.8398		6.3746		4.1890		
2013-03-07	1.0739		5.9132		4.1890		
2013-03-06	1.0738		5.8693		4.1890		
2013-03-05	1.0714		5.8255		4.1890		
2013-03-04	1.0511		5.7784		4.1890		
2013-03-03	2.1153		5.7419		4.1890		
2013-03-01	4.9548		5.5374		4.1890		
2013-02-28	0.9898		3.3986		4.1890		
2013-02-27	0.9898		3.3654		4.1890		
2013-02-26	0.9811		3.3322		4.1890		
2013-02-25	0.9811		3.3036		4.1890		
2013-02-24	1.7231		3.2655		4.1890		
2013-02-22	0.8529		3.3142		4.1890		
2013-02-21	0.9262		3.3431		4.1890		
2013-02-20	0.9262		3.3338		4.1890		
2013-02-19	0.9261		3.3244		4.1890		
2013-02-18	0.9081		3.3151		4.1890		
2013-02-17	8.1745		3.3152		4.1890		
2013-02-08	1.0493		3.3829		4.1890		
2013-02-07	0.9024		3.3070		4.1890		
2013-02-06	0.9261		3.3205		4.1890		
2013-02-05	0.9014		3.3199		4.1890		
2013-02-04	0.9014		3.3215		4.1890		
2013-02-03	1.8072		3.3140		4.1890		
2013-02-01	0.9036		3.4705		4.1890		
2013-01-31	0.9283		3.5487		4.1890		
2013-01-30	0.9251		3.6141		4.1890		
2013-01-29	0.9044		3.6811		4.1890		
2013-01-28	0.8871		3.7586		4.1890		
2013-01-27	2.1073		3.8454		4.1890		
2013-01-25	1.0536		3.8453		4.1890		
2013-01-24	1.0536		4.1890		
2013-01-23	1.0536		4.1890		
2013-01-22	1.0531		4.1890		
2013-01-21	1.0536		4.1890		
2013-01-20	2.1071		4.1890		
2012-12-25	0.9852		6.0898		3.6290		
2012-12-24	0.8186		5.8674		3.6290		
2012-12-23	1.6753		6.1860		3.6290		
2012-12-21	2.1175		5.9262		3.6290		
2012-12-20	0.8783		5.1287		3.6290		
2012-12-19	5.2042		4.9772		3.6290		
2012-12-18	0.5586		2.5671		3.6290		
2012-12-17	1.4297		2.5792		3.6290		
2012-12-16	1.1770		2.1370		3.6290		
2012-12-14	0.5881		2.1293		3.6290		
2012-12-13	0.5878		4.7830		3.6290		
2012-12-12	0.5821		4.6390		3.6290		
2012-12-11	0.5818		5.5929		3.6290		
2012-12-10	0.5815		5.6037		3.6290		
2012-12-09	1.1622		5.6148		3.6290		
2012-12-07	5.6775		5.6375		3.6290		
2012-12-06	0.3116		2.9906		3.6290		
2012-12-05	2.4116		3.1403		3.6290		
2012-12-04	0.6025		3.5296		3.6290		
2012-12-03	0.6028		3.6024		3.6290		
2012-12-02	1.2057		3.6671		3.6290		
2012-11-30	0.6012		3.7542		3.6290		
2012-11-29	0.5986		3.7932		3.6290		
2012-11-28	3.1583		4.0167		3.6290		
2012-11-27	0.7421		2.9056		3.6290		
2012-11-26	0.7268		3.0544		3.6290		
2012-11-25	1.3729		8.4760		3.6290		
2012-11-23	0.6760		8.7115		
2012-11-22	1.0272		8.7942		
2012-11-21	1.0273		8.6930		
2012-11-20	1.0275		
2012-11-19	11.124		
2012-11-18	1.8245		5.7196		
2012-11-16	0.8345		5.5008		
2012-11-15	0.8332		5.4319		
2012-11-14	6.0759		5.3575		
2012-11-13	0.7037		2.5454		
2012-11-12	0.6972		2.5315		
2012-11-11	1.4050		2.5210		
2012-11-09	0.7024		2.4943		
2012-11-08	0.6904		2.4809		
2012-11-07	0.6828		2.4737		
2012-11-06	0.6771		3.8342		
2012-11-05	0.6770		3.7683		
2012-11-04	1.3538		3.7042		
2012-11-02	0.6767		3.4054		
2012-11-01	0.6766		3.2533		
2012-10-31	3.2920		6.0875		
2012-10-30	0.5508		4.4467		
2012-10-29	0.5541		4.2361		
2012-10-28	0.7807		4.0237		
2012-10-26	0.3851		3.7690		
2012-10-25	6.1119		
2012-10-24	0.1453		
2012-10-23	0.1470		
2012-10-22	0.1467		
2012-10-21	0.2923		
2012-09-25	0.9889		
2012-09-24	7.4760		
2012-09-23	1.6442		
2012-09-21	9.0970		
2012-09-20	0.3334		8.8194		
2012-09-19	5.3960		
2012-09-18	0.2201		
2012-09-17	9.2968		
2012-09-16	0.2702		
2012-09-14	1.3975		
2012-09-13	-0.083		
2012-09-12	0.5756		7.7717		
2012-09-11	1.8115		7.6316		
2012-09-10	2.9348		6.8246		
2012-09-09	0.8599		5.4352		
2012-09-07	8.4158		5.2700		
2012-09-06	0.3071		2.3174		
2012-09-05	0.3068		2.2559		
2012-09-04	0.2639		2.1775		
2012-09-03	0.2701		2.1312		
2012-09-02	0.5431		2.0791		
2012-08-31	2.7534		1.9639		
2012-08-30	0.1891		0.6107		
2012-08-29	0.1565		0.5850		
2012-08-28	0.1751		0.5810		
2012-08-27	0.1702		0.5659		
2012-08-26	0.3221		1.6340		
2012-08-24	0.1583		1.5712		
2012-08-23	0.1398		1.5338		
2012-08-22	0.1488		1.5097		
2012-08-21	0.1461		1.4839		
2012-08-20	2.2186		1.4610		
2012-08-19	0.2016		0.3562		
2012-08-17	0.0867		0.3545		
2012-08-16	0.0936		0.3608		
2012-08-15	0.0992		0.3622		
2012-08-14	0.1023		0.3583		
2012-08-13	0.0997		0.3535		
2012-08-12	0.1983		0.3458		
2012-08-10	0.0989		0.5200		
2012-08-09	0.0963		0.6032		
2012-08-08	0.0916		0.8385		
2012-08-07	0.0932		1.0737		
2012-08-06	0.0849		1.3092		
2012-08-05	0.5323		1.5804		
2012-08-03	0.2585		1.9629		
2012-08-02	0.5476		2.1568		
2012-08-01	0.5426		2.1995		
2012-07-31	0.5449		2.2436		
2012-07-30	0.6050		2.3190		
2012-07-29	1.2659		2.3632		
2012-07-27	0.6304		2.4223		
2012-07-26	0.6295		2.4506		
2012-07-25	0.6270		2.3763		
2012-07-24	0.6896		2.4207		
2012-07-23	0.6897		2.4325		
2012-07-22	1.3794		2.4429		
2012-07-20	0.6846		
2012-07-19	0.4870		
2012-07-18	0.7122		
2012-07-17	0.7122		
2012-07-16	0.7097		
2012-06-27	0.1090		
2012-06-26	0.9095		
2012-06-25	1.4986		
2012-06-21	0.8983		
2012-06-20	0.8983		
2012-06-19	0.8982		
2012-06-18	0.8982		
2012-06-15	0.8982		
2012-06-14	0.8982		
2012-06-13	0.8982		
2012-06-12	0.8982		
2012-06-11	0.8973		
2012-06-08	0.8981		
2012-06-07	0.8981		
2012-06-06	0.8981		
2012-06-05	0.8981		
