2014-06-03	0.8816		3.2970		
2014-05-30	0.8812		3.2970		
2014-05-29	0.8745		3.2970		
2014-05-28	0.7738		3.7940		
2014-05-26	0.9139		3.3360		3.7940		
2014-05-25	1.8279		3.3360		3.7940		
2014-05-23	0.9140		3.3360		6.0320		
2014-05-22	0.9140		3.3360		3.7940		
2014-05-21	0.9140		3.3360		3.7940		
2014-05-20	0.9140		3.3360		3.7940		
2014-05-19	0.9140		3.3360		3.7940		
2014-05-18	1.8279		3.3360		3.7940		
2014-05-16	0.9140		3.3360		3.7940		
2014-05-15	0.9140		3.3360		3.7940		
2014-05-14	0.9140		3.3360		3.7940		
2014-05-13	0.9140		3.3360		3.7940		
2014-05-12	0.9140		3.3356		3.7940		
2014-05-11	1.8279		3.3357		3.7940		
2014-05-09	0.9140		3.3358		3.7940		
2014-05-08	0.9140		3.3359		
2014-05-07	0.9140		3.3359		
2014-05-06	0.9132		3.3378		
2014-05-05	0.9141		3.3382		
2014-05-04	3.6564		3.2884		
2014-04-30	0.9175		
2014-04-29	0.9141		3.7940		
2014-04-28	0.8186		
2014-04-25	0.8186		3.5616		3.5930		
2014-04-24	0.6010		3.6990		3.5930		
2014-04-23	1.0822		3.9499		3.5930		
2014-04-22	1.0822		3.9499		3.5930		
2014-04-21	1.0822		3.9498		3.5930		
2014-04-20	2.1643		3.9498		3.5930		
2014-04-18	1.0820		3.9477		3.5930		
2014-04-17	1.0822		3.9539		3.5930		
2014-04-16	1.0822		3.9599		3.5930		
2014-04-15	1.0820		3.9660		3.5930		
2014-04-14	1.0822		3.9722		3.5930		
2014-04-13	2.1604		3.5930		
2014-04-11	1.0938		3.5930		
2014-04-10	1.0938		3.5930		
2014-04-09	1.0939		3.5930		
2014-04-08	1.0939		3.5930		
2014-04-04	1.0939		4.0026		3.5930		
2014-04-03	1.0929		3.9968		3.5930		
2014-04-02	1.0929		3.5034		3.5930		
2014-04-01	1.0944		3.0284		3.5930		
2014-03-31	1.1095		2.9822		3.5930		
2014-03-30	2.1927		2.9280		3.5930		
2014-03-28	1.0827		3.5930		
2014-03-27	0.1466		3.5930		
2014-03-26	0.1820		6.7550		
2014-03-25	1.0057		6.7550		
2014-03-24	1.0057		6.7550		
2014-03-21	1.0057		3.6705		6.7550		
2014-03-20	1.0056		3.6705		6.7550		
2014-03-19	1.0056		3.6705		6.7550		
2014-03-18	1.0056		3.6705		6.7550		
2014-03-17	1.0056		3.6705		6.7550		
2014-03-16	2.0113		3.6705		6.7550		
2014-03-14	1.0056		3.6705		6.7550		
2014-03-13	1.0056		3.6705		6.7550		
2014-03-12	1.0056		3.6705		6.7550		
2014-03-11	1.0056		3.6705		6.7550		
2014-03-10	1.0056		3.6704		6.7550		
2014-03-09	2.0113		3.6705		6.7550		
2014-03-07	1.0056		3.6705		
2014-03-06	1.0056		3.7454		
2014-03-05	1.0056		3.7455		
2014-03-04	1.0055		3.7773		
2014-03-03	1.0057		3.4583		
2014-03-02	2.0114		3.9269		
2014-02-28	1.1492		4.8642		
2014-02-27	1.0057		5.2580		
2014-02-26	1.0666		5.7267		
2014-02-25	0.3937		6.1636		
2014-02-24	1.9045		6.9514		6.4090		
2014-02-23	3.8089		6.9514		6.4090		
2014-02-21	1.9045		6.9514		6.4090		
2014-02-20	1.9045		6.4090		
2014-02-19	1.9045		6.4090		
2014-02-18	1.9045		6.4090		
2014-02-17	1.9045		6.4090		
2014-02-16	3.8089		6.4090		
2014-01-24	1.7736		6.4736		5.6700		
2014-01-23	1.7736		6.4736		5.6700		
2014-01-22	1.7736		6.4736		5.6700		
2014-01-21	1.7736		6.4730		5.6700		
2014-01-20	1.7736		6.4730		5.6700		
2014-01-19	3.5472		6.4730		5.6700		
2014-01-17	1.7736		6.4730		5.6700		
2014-01-16	1.7736		6.4730		5.6700		
2014-01-15	1.7724		5.6700		
2014-01-14	1.7736		5.6700		
2014-01-13	1.7736		5.6700		
2014-01-12	3.5472		5.6700		
2014-01-10	1.7736		5.6700		
2013-12-31	2.0681		5.6700		
2013-12-27	1.9285		6.0332		
2013-12-26	1.5681		5.8697		
2013-12-25	1.6148		5.8940		4.5100		
2013-12-24	1.6148		5.8940		4.5100		
2013-12-23	1.6148		5.8940		4.5100		
2013-12-22	3.2296		5.8940		4.5100		
2013-12-20	1.6148		5.8940		4.5100		
2013-12-19	1.6148		5.8940		4.5100		
2013-12-18	1.6148		5.8940		4.5100		
2013-12-17	1.6148		5.8940		4.5100		
2013-12-16	1.6148		5.8940		4.5100		
2013-12-15	3.2296		5.8940		4.5100		
2013-12-13	1.6148		5.8940		4.5100		
2013-12-12	1.6148		5.8940		4.5100		
2013-12-11	1.6148		5.8940		4.5100		
2013-12-10	1.6148		5.8940		4.5100		
2013-12-09	1.6148		5.8940		4.5100		
2013-12-08	3.2296		5.8940		4.5100		
2013-12-06	1.6148		5.8940		4.5100		
2013-12-05	1.6148		5.8940		4.5100		
2013-12-04	1.6148		5.8903		4.5100		
2013-12-03	1.6148		5.8523		4.5100		
2013-12-02	1.6148		5.7927		4.5100		
2013-12-01	3.2296		5.7209		4.5100		
2013-11-29	1.6148		5.5773		4.5100		
2013-11-28	1.6077		5.5055		4.5100		
2013-11-27	1.5418		5.4374		4.5100		
2013-11-26	1.5005		5.4036		4.5100		
2013-11-25	1.4771		5.3912		4.5100		
2013-11-24	2.9542		5.4084		4.5100		
2013-11-22	1.4771		5.4427		4.5100		
2013-11-21	1.4771		5.4599		4.5100		
2013-11-20	1.4771		5.4770		4.5100		
2013-11-19	1.4767		5.4942		4.5100		
2013-11-18	1.5100		5.5116		4.5100		
2013-11-17	3.0201		5.5116		4.5100		
2013-11-15	1.5100		5.5116		4.5100		
2013-11-14	1.5100		4.5100		
2013-11-13	1.5100		4.5100		
2013-11-12	1.5100		4.5100		
2013-11-11	1.5100		4.5100		
2013-11-10	3.0201		4.5100		
2013-10-25	1.2405		4.5301		8.8590		
2013-10-24	1.2412		4.5303		8.8590		
2013-10-23	1.2412		4.5303		8.8590		
2013-10-22	1.2412		4.5303		8.8590		
2013-10-21	1.2412		4.5303		8.8590		
2013-10-20	2.4825		4.5303		8.8590		
2013-10-18	1.2409		4.5303		8.8590		
2013-10-17	1.2412		4.5304		8.8590		
2013-10-16	1.2412		4.5304		8.8590		
2013-10-15	1.2412		4.5304		8.8590		
2013-10-14	1.2412		4.5305		8.8590		
2013-10-13	2.4825		4.5305		8.8590		
2013-10-11	1.2412		4.5305		8.8590		
2013-10-10	1.2412		4.5306		
2013-10-09	1.2412		4.5306		8.8590		
2013-10-08	1.2413		4.5306		8.8590		
2013-10-07	8.6888		4.5306		
2013-09-30	1.2413		4.5307		8.8590		
2013-09-29	2.4825		4.5307		8.8590		
2013-09-27	1.2413		4.5307		8.8590		
2013-09-26	1.2413		4.5307		8.8590		
2013-09-25	1.2413		4.5306		8.8590		
2013-09-24	1.2413		4.5306		8.8590		
2013-09-23	1.2413		4.5306		8.8590		
2013-09-22	4.9650		4.5306		8.8590		
2013-09-18	1.2413		4.5307		3.6980		
2013-09-17	1.2413		4.5336		8.8590		
2013-09-16	1.2413		4.5364		8.8590		
2013-09-15	2.4825		4.5393		8.8590		
2013-09-13	1.2413		4.5451		8.8590		
2013-09-12	1.2413		8.8590		
2013-09-11	1.2468		8.8590		
2013-09-10	1.2468		8.8590		
2013-09-09	1.2468		8.8590		
2013-09-08	2.4936		8.8590		
2013-08-26	2.4031		8.7713		3.6770		
2013-08-25	4.8061		8.7711		3.6770		
2013-08-23	2.4031		8.7708		3.6770		
2013-08-22	2.4031		8.7706		3.6770		
2013-08-21	2.4031		8.7705		3.6770		
2013-08-20	2.4031		8.7703		3.6770		
2013-08-19	2.4028		8.7702		3.6770		
2013-08-18	4.8055		8.7699		3.6770		
2013-08-16	2.4028		8.7694		3.6770		
2013-08-15	2.4028		8.7691		3.6770		
2013-08-14	2.4028		8.7689		3.6770		
2013-08-13	2.4028		8.7686		3.6770		
2013-08-12	2.4023		8.7671		3.6770		
2013-08-11	4.8045		8.7619		3.6770		
2013-08-09	2.4023		8.7493		3.6770		
2013-08-08	2.4023		8.7509		3.6770		
2013-08-07	2.4023		8.7529		3.6770		
2013-08-06	2.3999		8.7549		3.6770		
2013-08-05	2.3924		8.7582		3.6770		
2013-08-04	4.7802		8.7642		3.6770		
2013-08-02	2.4054		8.7835		3.6770		
2013-08-01	2.4062		8.7767		3.6770		
2013-07-31	2.4062		8.7655		3.6770		
2013-07-30	2.4062		8.8179		3.6770		
2013-07-29	2.4039		8.8704		3.6770		
2013-07-28	4.8171		8.9238		3.6770		
2013-07-26	2.3924		9.0262		3.6770		
2013-07-25	2.3847		9.0858		3.6770		
2013-07-24	2.5068		9.1495		3.6770		
2013-07-23	2.5068		9.1495		3.6770		
2013-07-22	2.5063		9.1495		3.6770		
2013-07-21	5.0135		9.1498		3.6770		
2013-07-19	2.5068		3.6770		
2013-07-18	2.5068		3.6770		
2013-07-17	2.5068		3.6770		
2013-07-16	2.5068		
2013-07-15	2.5068		
2013-07-12	2.5068		3.6770		
2013-07-11	2.5073		3.6770		
2013-07-10	2.5055		3.6770		
2013-07-09	2.5074		3.6770		
2013-06-30	4.9975		
2013-06-25	0.7866		4.4084		3.1870		
2013-06-24	0.7866		4.2728		3.1870		
2013-06-23	1.5731		4.1373		3.1870		
2013-06-21	4.2544		3.8660		3.1870		
2013-06-20	0.5269		1.9221		3.1870		
2013-06-19	0.5268		1.9207		3.1870		
2013-06-18	0.5267		1.9192		3.1870		
2013-06-17	0.5266		1.9177		3.1870		
2013-06-16	1.0529		1.9163		3.1870		
2013-06-14	0.5263		1.9136		3.1870		
2013-06-13	0.5242		1.9115		3.1870		
2013-06-12	2.6194		1.9067		
2013-06-07	0.5222		2.0251		3.1870		
2013-06-06	0.5151		3.1870		
2013-06-05	0.5150		3.1870		
2013-06-04	0.5142		3.1870		
2013-06-03	0.5052		3.1870		
2013-06-02	1.3121		3.1870		
2013-05-30	0.7066		2.5073		3.1870		
2013-05-29	0.7026		2.6664		3.1870		
2013-05-28	0.7134		2.8380		3.1870		
2013-05-27	0.6763		3.0011		3.1870		
2013-05-26	1.3524		3.1835		3.1870		
2013-05-24	0.6573		3.5486		3.1870		
2013-05-23	1.0116		3.7409		3.1870		
2013-05-22	1.0317		3.7486		3.1870		
2013-05-21	1.0262		3.7447		3.1870		
2013-05-20	1.0262		3.7417		3.1870		
2013-05-19	2.0525		3.7423		3.1870		
2013-05-17	1.0262		3.7436		3.1870		
2013-05-16	1.0262		3.7443		3.1870		
2013-05-15	1.0243		3.1870		
2013-05-14	1.0204		3.1870		
2013-05-13	1.0275		3.1870		
2013-05-12	2.0549		3.1870		
2013-05-10	1.0275		
2013-04-22	0.4684		1.7065		4.0950		
2013-04-21	0.9367		1.6996		4.0950		
2013-04-19	0.4682		1.6817		4.0950		
2013-04-18	0.4674		1.6816		4.0950		
2013-04-17	0.4681		1.6704		4.0950		
2013-04-16	0.4639		1.7199		4.0950		
2013-04-15	0.4553		1.8314		4.0950		
2013-04-14	0.9023		2.0041		4.0950		
2013-04-12	0.4680		2.3539		4.0950		
2013-04-11	0.4460		2.5201		4.0950		
2013-04-10	0.5630		2.6977		4.0950		
2013-04-09	0.6776		2.8143		4.0950		
2013-04-08	0.7866		2.8707		4.0950		
2013-04-07	3.1464		2.8705		4.0950		
2013-04-03	0.7866		2.8082		4.0950		
2013-04-02	0.7859		2.7368		4.0950		
2013-04-01	0.7862		2.8366		4.0950		
2013-03-31	1.5725		2.9361		4.0950		
2013-03-29	0.7771		3.1370		4.0950		
2013-03-28	0.6772		3.2510		4.0950		
2013-03-27	0.6498		3.4216		4.0950		
2013-03-26	0.9773		3.6065		4.0950		
2013-03-25	0.9770		3.6206		4.0950		
2013-03-24	1.9578		3.6349		4.0950		
2013-03-22	0.9957		3.6615		4.0950		
2013-03-21	1.0044		3.6661		4.0950		
2013-03-20	1.0044		3.6615		4.0950		
2013-03-19	1.0044		3.6550		4.0950		
2013-03-18	1.0044		3.6542		4.0950		
2013-03-17	2.0088		3.6581		4.0950		
2013-03-15	1.0044		3.6659		4.0950		
2013-03-14	0.9956		
2013-03-13	0.9919		
2013-03-12	1.0030		
2013-03-11	1.0118		
2013-03-10	2.0237		
2013-02-25	0.4600		3.6110		3.5290		
2013-02-24	2.1508		3.9340		3.5290		
2013-02-22	1.0754		3.9380		3.5290		
2013-02-21	1.0798		3.9401		3.5290		
2013-02-20	1.0754		3.9398		3.5290		
2013-02-19	1.0839		3.9418		3.5290		
2013-02-18	1.0793		3.9394		3.5290		
2013-02-17	9.7136		3.9394		3.5290		
2013-02-08	1.1221		3.9756		3.5290		
2013-02-07	1.0754		3.9567		3.5290		
2013-02-06	1.0852		3.9620		3.5290		
2013-02-05	1.0852		3.9603		3.5290		
2013-02-04	1.0852		3.9555		3.5290		
2013-02-03	2.1714		3.9473		3.5290		
2013-02-01	1.0857		3.7439		3.5290		
2013-01-31	1.0857		3.6389		3.5290		
2013-01-30	1.0818		3.7054		3.5290		
2013-01-29	1.0760		3.7739		3.5290		
2013-01-28	1.0695		3.8453		3.5290		
2013-01-27	1.7814		3.9203		3.5290		
2013-01-25	0.8843		4.2566		3.5290		
2013-01-24	1.2132		4.4281		3.5290		
2013-01-23	1.2132		4.4281		3.5290		
2013-01-22	1.2130		4.4281		3.5290		
2013-01-21	1.2132		4.4282		3.5290		
2013-01-20	2.4264		4.4282		3.5290		
2013-01-18	1.2132		4.4282		3.5290		
2013-01-17	1.2132		4.4213		3.5290		
2013-01-16	1.2132		3.5290		
2013-01-15	1.2132		3.5290		
2013-01-14	1.2132		3.5290		
2013-01-13	2.4264		3.5290		
2013-01-11	1.2000		
2012-12-24	0.8784		6.9710		3.4810		
2012-12-23	1.7564		6.7927		3.4810		
2012-12-21	1.0925		6.4359		3.4810		
2012-12-20	0.9205		6.1456		3.4810		
2012-12-19	8.1846		5.9434		3.4810		
2012-12-18	0.5366		1.9499		3.4810		
2012-12-17	0.5364		1.9492		3.4810		
2012-12-16	1.0722		1.9484		3.4810		
2012-12-14	0.5358		1.9468		3.4810		
2012-12-13	0.5327		1.9460		3.4810		
2012-12-12	0.5259		1.9468		3.4810		
2012-12-11	0.5351		1.9498		3.4810		
2012-12-10	0.5349		1.9450		3.4810		
2012-12-09	1.0692		1.9405		3.4810		
2012-12-07	0.5343		1.9356		3.4810		
2012-12-06	0.5341		1.9292		3.4810		
2012-12-05	0.5317		2.0480		3.4810		
2012-12-04	0.5259		2.1656		3.4810		
2012-12-03	0.5264		2.3762		3.4810		
2012-12-02	1.0598		2.5844		3.4810		
2012-11-30	0.5220		3.1224		3.4810		
2012-11-29	0.7619		3.3955		3.4810		
2012-11-28	0.7573		3.5435		3.4810		
2012-11-27	0.9297		3.6940		3.4810		
2012-11-26	0.9256		3.7543		3.4810		
2012-11-25	2.0916		3.8149		3.4810		
2012-11-23	1.0458		3.8123		
2012-11-22	1.0458		3.8105		
2012-11-21	1.0458		3.8087		
2012-11-20	1.0454		3.8068		
2012-11-19	1.0418		3.8052		
2012-11-18	2.0867		3.8055		
2012-11-16	1.0423		3.8044		
2012-11-15	1.0423		3.8044		
2012-11-14	1.0423		3.8061		
2012-11-13	1.0423		
2012-11-12	1.0423		
2012-11-11	2.0846		
2012-11-09	1.0423		
2012-11-08	1.0455		
2012-10-24	1.0733		4.5801		
2012-10-23	1.0733		4.5660		
2012-10-22	1.0733		4.5519		
2012-10-21	2.1466		4.5377		
2012-10-19	1.0715		4.5095		
2012-10-18	2.3458		4.4963		
2012-10-17	1.0462		3.8186		
2012-10-16	1.0462		3.8186		
2012-10-15	1.0462		3.8186		
2012-10-14	2.0924		3.8186		
2012-10-12	1.0462		3.8185		
2012-10-11	1.0462		3.8185		
2012-10-10	1.0462		3.8185		
2012-10-09	1.0462		3.8184		
2012-10-08	1.0462		3.8184		
2012-10-07	9.4151		3.8183		
2012-09-28	1.0461		3.1891		
2012-09-27	1.0461		3.0898		
2012-09-26	1.0370		2.9904		
2012-09-25	0.4202		2.8958		
2012-09-24	0.8556		3.1227		
2012-09-23	1.7111		3.1227		
2012-09-21	0.8556		3.1226		
2012-09-20	0.8555		3.1226		
2012-09-19	0.8555		3.1226		
2012-09-18	0.8555		3.1226		
2012-09-17	0.8555		3.1225		
2012-09-16	1.7110		
2012-09-14	0.8555		
2012-09-13	0.8555		
2012-09-12	0.8555		
2012-09-11	0.8554		
2012-08-27	8.7558		6.6216		
2012-08-26	1.6390		2.9730		
2012-08-24	0.5763		2.7005		
2012-08-23	0.5761		2.6884		
2012-08-22	0.5760		2.6763		
2012-08-21	0.5758		2.6640		
2012-08-20	1.7585		2.6518		
2012-08-19	1.1163		3.5512		
2012-08-17	0.5531		3.5599		
2012-08-16	0.5529		3.5558		
2012-08-15	0.5524		3.5516		
2012-08-14	0.5524		3.5981		
2012-08-13	3.4834		3.6442		
2012-08-12	1.1331		2.2602		
2012-08-10	0.5452		2.3346		
2012-08-09	0.5448		2.3827		
2012-08-08	0.6415		2.7903		
2012-08-07	0.6408		2.8383		
2012-08-06	0.8292		2.8864		
2012-08-05	1.2758		3.4787		
2012-08-03	0.6374		3.5445		
2012-08-02	1.3265		3.5776		
2012-08-01	0.7337		3.2514		
2012-07-31	0.7329		3.2340		
2012-07-30	1.9651		3.2282		
2012-07-29	1.4020		4.3934		
2012-07-27	0.7010		4.3277		
2012-07-26	0.7009		4.2800		
2012-07-25	0.7002		4.2324		
2012-07-24	0.7219		
2012-07-23	4.1997		
2012-07-22	1.2760		
2012-07-20	0.6096		
2012-07-19	0.6095		
