2014-06-03	1.0034		3.6633		5.7620		
2014-06-02	3.0103		3.6641		5.7620		
2014-05-30	1.0034		3.6666		3.6666		
2014-05-29	1.0034		3.6674		5.7620		
2014-05-28	1.0050		3.6683		5.7620		
2014-05-27	1.0050		3.6651		5.7620		
2014-05-26	1.0050		3.6620		5.7620		
2014-05-25	2.0100		3.6589		5.7620		
2014-05-23	1.0050		3.6526		5.7620		
2014-05-22	1.0050		3.6495		5.7620		
2014-05-21	0.9990		3.6464		5.7620		
2014-05-20	0.9990		3.6464		4.1720		
2014-05-19	0.9990		3.6464		5.7620		
2014-05-18	1.9980		3.6464		5.7620		
2014-05-16	0.9990		3.6464		5.7620		
2014-05-15	0.9990		3.6464		5.7620		
2014-05-14	0.9990		3.6464		5.7620		
2014-05-13	0.9990		3.6302		5.7620		
2014-05-12	0.9990		3.6141		5.7620		
2014-05-11	1.9980		3.6146		5.7620		
2014-05-09	0.9990		3.6156		5.7620		
2014-05-08	0.9990		3.6161		5.7620		
2014-05-07	0.9681		3.6166		5.7620		
2014-05-06	0.9681		3.6346		5.7620		
2014-05-05	0.9999		3.6512		5.7620		
2014-05-04	3.9998		3.6272		5.7620		
2014-04-30	1.0027		3.6271		5.7620		
2014-04-29	0.9999		3.6256		5.7620		
2014-04-28	0.9538		3.6256		5.7620		
2014-04-27	1.9999		3.6497		5.7620		
2014-04-25	0.9999		3.6497		5.7620		
2014-04-24	0.9999		3.6485		5.7620		
2014-04-23	0.9999		3.6486		5.7620		
2014-04-22	0.9999		3.6487		5.7620		
2014-04-21	0.9999		3.6488		5.7620		
2014-04-20	1.9999		3.6485		5.7620		
2014-04-18	0.9976		5.7620		
2014-04-17	1.0001		5.7620		
2014-04-16	1.0001		5.7620		
2014-04-15	1.0001		
2014-04-14	0.9993		5.7620		
2014-04-11	0.9985		5.7620		
2014-04-10	0.9985		5.7620		
2014-04-09	1.0003		5.7620		
2014-04-08	1.0003		5.7620		
2014-04-04	0.9685		3.3119		5.7620		
2014-04-03	0.9378		3.1585		
2014-04-02	0.7656		3.4986		5.7620		
2014-04-01	0.8010		3.9284		5.7620		
2014-03-31	0.9301		4.3399		5.7620		
2014-03-30	1.9485		4.6839		5.7620		
2014-03-28	0.6744		4.5090		
2014-03-27	1.5900		4.5090		
2014-03-26	1.5900		4.5090		
2014-03-25	1.5900		4.5090		
2014-03-24	1.5900		4.5090		
2014-03-21	1.5900		5.8032		4.5090		
2014-03-20	1.5899		5.8032		4.5090		
2014-03-19	1.5899		5.8032		4.5090		
2014-03-18	1.5899		5.8032		4.5090		
2014-03-17	1.5899		5.8032		4.5090		
2014-03-16	3.1799		5.8032		4.5090		
2014-03-14	1.5899		5.8032		4.5090		
2014-03-13	1.5899		5.8032		4.5090		
2014-03-12	1.5899		5.8032		4.5090		
2014-03-11	1.5899		5.8032		4.5090		
2014-03-10	1.5899		5.8032		4.5090		
2014-03-09	3.1799		5.8032		4.5090		
2014-03-07	1.5899		5.8032		4.5090		
2014-03-06	1.5899		5.8032		4.5090		
2014-03-05	1.5899		5.8032		4.5090		
2014-03-04	1.5899		5.8032		5.9160		
2014-03-03	1.5899		5.8032		4.5090		
2014-03-02	3.1799		5.8032		4.5090		
2014-02-28	1.5899		5.8032		4.5090		
2014-02-27	1.5899		5.8032		4.5090		
2014-02-26	1.5899		5.8032		4.5090		
2014-02-25	1.5899		5.8032		4.5090		
2014-02-24	1.5899		5.8032		4.5090		
2014-02-23	3.1799		5.8032		4.5090		
2014-02-21	1.5899		5.8032		4.5090		
2014-02-20	1.5899		5.8032		4.5090		
2014-02-19	1.5899		5.8032		4.5090		
2014-02-18	1.5899		5.8032		4.5090		
2014-02-17	1.5899		5.8032		4.5090		
2014-02-16	3.1799		5.8032		4.5090		
2014-02-14	1.5899		5.8032		4.5090		
2014-02-13	1.5899		5.8032		4.5090		
2014-02-12	1.5899		5.8032		4.5090		
2014-02-11	1.5899		5.8032		4.5090		
2014-02-10	1.5899		5.8033		4.5090		
2014-02-09	3.1799		5.8033		4.5090		
2014-02-07	1.5899		5.8033		4.5090		
2014-02-06	11.129		5.8033		4.5090		
2014-01-30	1.5958		5.8059		4.5090		
2014-01-29	1.5899		5.8029		4.5090		
2014-01-28	1.5899		5.8030		4.5090		
2014-01-27	1.5887		5.8031		4.5090		
2014-01-26	3.1802		5.8039		4.5090		
2014-01-24	1.5901		5.8039		4.5090		
2014-01-23	1.5901		5.8035		4.5090		
2014-01-22	1.5901		5.8035		4.5090		
2014-01-21	1.5901		4.5090		
2014-01-20	1.5901		4.5090		
2014-01-19	3.1802		4.5090		
2014-01-17	1.5894		4.5090		
2014-01-16	1.5901		4.5090		
2014-01-14	1.5901		4.5090		
2014-01-13	1.5327		4.5090		
2014-01-12	3.1802		4.5090		
2013-12-31	1.3560		4.5090		
2013-12-26	1.2544		4.5786		6.2200		
2013-12-25	1.2544		4.5786		6.2200		
2013-12-24	1.2544		4.5786		6.2200		
2013-12-23	1.2544		4.5786		6.2200		
2013-12-22	2.5088		4.5786		6.2200		
2013-12-20	1.2544		4.5785		6.2200		
2013-12-19	1.2544		4.5785		6.2200		
2013-12-18	1.2544		4.5785		6.2200		
2013-12-17	1.2544		4.5785		6.2200		
2013-12-16	1.2544		4.5785		6.2200		
2013-12-15	2.5087		4.5785		6.2200		
2013-12-13	1.2544		4.5785		6.2200		
2013-12-12	1.2544		4.5785		6.2200		
2013-12-11	1.2544		4.5785		6.2200		
2013-12-10	1.2544		4.5785		6.2200		
2013-12-09	1.2544		4.5785		6.2200		
2013-12-08	2.5087		4.5785		6.2200		
2013-12-06	1.2544		4.5785		6.2200		
2013-12-05	1.2544		4.5785		6.2200		
2013-12-04	1.2544		4.5785		6.2200		
2013-12-03	1.2544		4.5785		6.2200		
2013-12-02	1.2544		4.5785		6.2200		
2013-12-01	2.5087		4.5785		6.2200		
2013-11-29	1.2544		4.5785		6.2200		
2013-11-28	1.2544		4.5785		6.2200		
2013-11-27	1.2544		4.5785		6.2200		
2013-11-26	1.2544		4.5785		6.2200		
2013-11-25	1.2544		4.5785		6.2200		
2013-11-24	2.5087		4.5785		6.2200		
2013-11-22	1.2544		4.5785		6.2200		
2013-11-21	1.2544		4.5785		6.2200		
2013-11-20	1.2544		4.5785		6.2200		
2013-11-19	1.2544		4.5785		6.2200		
2013-11-18	1.2544		4.5785		6.2200		
2013-11-17	2.5087		4.5785		6.2200		
2013-11-15	1.2544		4.5785		6.2200		
2013-11-14	1.2544		4.5785		6.2200		
2013-11-13	1.2544		4.5785		6.2200		
2013-11-12	1.2544		4.5785		6.2200		
2013-11-11	1.2544		4.5785		6.2200		
2013-11-10	2.5087		4.5785		6.2200		
2013-11-08	1.2544		4.5786		6.2200		
2013-11-07	1.2544		4.5786		6.2200		
2013-11-06	1.2544		4.5792		6.2200		
2013-11-05	1.2544		4.5792		6.2200		
2013-11-04	1.2544		4.5792		6.2200		
2013-11-03	2.5088		4.5792		6.2200		
2013-11-01	1.2544		4.5792		6.2200		
2013-10-31	1.2557		4.5789		6.2200		
2013-10-30	1.2544		4.5782		6.2200		
2013-10-29	1.2544		4.5782		6.2200		
2013-10-28	1.2544		4.5782		6.2200		
2013-10-27	2.5088		6.2200		
2013-10-25	1.2538		6.2200		
2013-10-24	1.2544		6.2200		
2013-10-23	1.2544		6.2200		
2013-10-22	1.2544		6.2200		
2013-09-25	1.4647		6.0376		3.4280		
2013-09-24	1.4877		6.1735		3.4280		
2013-09-23	1.7253		6.2973		3.4280		
2013-09-22	6.9012		6.2973		3.4280		
2013-09-18	1.7253		6.2973		3.4280		
2013-09-17	1.7253		6.3003		3.4280		
2013-09-16	1.7253		6.3032		3.4280		
2013-09-15	3.4506		6.3061		3.4280		
2013-09-13	1.7253		6.3119		3.4280		
2013-09-12	1.7253		6.3148		3.4280		
2013-09-11	1.7309		6.3177		3.4280		
2013-09-10	1.7309		6.3174		3.4280		
2013-09-09	1.7309		6.3145		3.4280		
2013-09-08	3.4617		6.3123		3.4280		
2013-09-06	1.7309		6.3078		3.4280		
2013-09-05	1.7309		6.3107		3.4280		
2013-09-04	1.7303		6.3112		3.4280		
2013-09-03	1.7253		6.3122		3.4280		
2013-09-02	1.7266		6.3158		3.4280		
2013-09-01	3.4532		6.3183		3.4280		
2013-08-30	1.7364		6.3234		3.4280		
2013-08-29	1.7318		6.3208		3.4280		
2013-08-28	1.7323		6.3205		3.4280		
2013-08-27	1.7322		6.3201		3.4280		
2013-08-26	1.7314		6.3197		3.4280		
2013-08-25	3.4629		6.3196		3.4280		
2013-08-23	1.7314		6.3195		3.4280		
2013-08-22	1.7314		6.3194		3.4280		
2013-08-21	1.7314		6.3193		3.4280		
2013-08-20	1.7314		6.3193		3.4280		
2013-08-19	1.7313		6.3192		3.4280		
2013-08-18	3.4626		6.3191		3.4280		
2013-08-16	1.7313		6.3188		3.4280		
2013-08-15	1.7313		6.3186		3.4280		
2013-08-14	1.7313		6.3185		3.4280		
2013-08-13	1.7313		6.3183		3.4280		
2013-08-12	1.7310		6.3182		3.4280		
2013-08-11	3.4620		6.3152		3.4280		
2013-08-09	1.7310		6.3092		3.4280		
2013-08-08	1.7310		6.3062		3.4280		
2013-08-07	1.7310		6.3074		3.4280		
2013-08-06	1.7310		6.3092		3.4280		
2013-08-05	1.7253		6.3104		3.4280		
2013-08-04	3.4505		6.3145		3.4280		
2013-08-02	1.7253		6.3228		3.4280		
2013-08-01	1.7332		6.3270		3.4280		
2013-07-31	1.7346		6.3257		3.4280		
2013-07-30	1.7332		6.3237		3.4280		
2013-07-29	1.7332		6.3225		3.4280		
2013-07-28	3.4665		6.3212		3.4280		
2013-07-26	1.7332		6.3187		3.4280		
2013-07-25	1.7308		6.3174		3.4280		
2013-07-24	1.7308		6.3174		3.4280		
2013-07-23	1.7308		6.3174		3.4280		
2013-07-22	1.7308		6.3174		3.4280		
2013-07-21	3.4616		6.3174		3.4280		
2013-07-19	1.7308		3.4280		
2013-07-18	1.7308		3.4280		
2013-07-17	1.7308		3.4280		
2013-07-16	1.7308		
2013-07-15	1.7308		
2013-06-30	3.4665		
2013-06-26	1.4094		
2013-06-25	1.4094		3.8060		
2013-06-24	1.3964		3.8060		
2013-06-23	2.7748		3.8060		
2013-06-21	9.4284		3.8060		
2013-06-20	4.8107		6.7889		3.8060		
2013-06-19	0.6367		6.8635		3.8060		
2013-06-18	0.6366		6.7466		3.8060		
2013-06-17	5.2950		6.6298		3.8060		
2013-06-16	1.0590		4.0840		3.8060		
2013-06-14	0.5819		3.9621		3.8060		
2013-06-13	4.9536		3.8737		3.8060		
2013-06-12	2.0630		1.4971		
2013-06-07	0.4124		1.5741		3.8060		
2013-06-06	0.3957		3.8060		
2013-06-05	0.3956		3.8060		
2013-06-04	0.3955		3.8060		
2013-06-03	0.3720		3.8060		
2013-06-02	1.0477		3.8060		
2013-05-30	0.5464		2.4411		3.8060		
2013-05-29	0.5434		3.3652		3.8060		
2013-05-28	0.5542		3.3066		3.8060		
2013-05-27	0.5378		3.2303		3.8060		
2013-05-26	1.0837		5.1651		3.8060		
2013-05-24	1.4161		5.1207		3.8060		
2013-05-23	2.3186		4.6166		3.8060		
2013-05-22	0.4311		3.6418		3.8060		
2013-05-21	0.4078		3.6511		3.8060		
2013-05-20	4.2483		3.6665		3.8060		
2013-05-19	0.9987		1.6868		3.8060		
2013-05-17	0.4493		1.6368		3.8060		
2013-05-16	0.4490		1.6379		3.8060		
2013-05-15	0.4490		1.6392		3.8060		
2013-05-14	0.4374		1.6404		3.8060		
2013-05-13	0.4515		1.6477		3.8060		
2013-05-12	0.9029		1.6403		3.8060		
2013-05-10	0.4514		1.6255		3.8060		
2013-05-09	0.4514		1.6181		3.8060		
2013-05-08	0.4514		1.6220		3.8060		
2013-05-07	0.4514		1.6260		3.8060		
2013-05-06	0.4373		1.6300		3.8060		
2013-05-05	0.8745		1.6413		3.8060		
2013-05-03	0.4372		1.6640		3.8060		
2013-05-02	0.4589		1.6754		3.8060		
2013-05-01	2.2952		1.6753		
2013-04-26	0.4589		2.6242		3.8060		
2013-04-25	0.4588		2.5969		3.8060		
2013-04-24	0.4125		2.9926		3.8060		
2013-04-23	2.4451		3.8060		
2013-04-22	0.4187		3.8060		
2013-04-21	0.8388		3.8060		
2013-04-19	0.4064		3.8060		
2013-04-18	1.2177		
2013-04-14	1.0120		3.9200		
2013-03-27	1.0113		3.7486		3.9200		
2013-03-26	1.0113		3.7767		3.9200		
2013-03-25	1.0120		3.8049		3.9200		
2013-03-24	2.0240		3.8327		3.9200		
2013-03-22	1.0649		3.8882		3.9200		
2013-03-21	1.0655		3.8884		3.9200		
2013-03-20	1.0653		3.8649		3.9200		
2013-03-19	1.0653		3.8546		3.9200		
2013-03-18	1.0653		3.8465		3.9200		
2013-03-17	2.1305		3.8425		3.9200		
2013-03-15	1.0653		3.8351		3.9200		
2013-03-14	1.0205		6.2861		
2013-03-13	1.0454		6.2753		3.9200		
2013-03-12	1.0499		6.2516		3.9200		
2013-03-11	1.0576		6.2243		3.9200		
2013-03-10	2.1162		6.1823		3.9200		
2013-03-08	5.7659		6.1047		3.9200		
2013-03-07	0.9999		5.6433		3.9200		
2013-03-06	0.9999		5.5994		3.9200		
2013-03-05	0.9975		5.5556		3.9200		
2013-03-04	0.9771		5.5084		3.9200		
2013-03-03	1.9674		5.4719		3.9200		
2013-03-01	4.8809		5.2674		3.9200		
2013-02-28	0.9158		3.1285		3.9200		
2013-02-27	0.9158		3.0954		3.9200		
2013-02-26	0.9071		3.0622		3.9200		
2013-02-25	0.9071		3.0336		3.9200		
2013-02-24	1.5752		2.9955		3.9200		
2013-02-22	0.7789		3.0442		3.9200		
2013-02-21	0.8522		3.0731		3.9200		
2013-02-20	0.8522		3.0638		3.9200		
2013-02-19	0.8522		3.0545		3.9200		
2013-02-18	0.8341		3.0451		3.9200		
2013-02-17	7.5088		3.0452		3.9200		
2013-02-08	0.9753		3.1130		3.9200		
2013-02-07	0.8285		3.0370		3.9200		
2013-02-06	0.8522		3.0505		3.9200		
2013-02-05	0.8275		3.0499		3.9200		
2013-02-04	0.8274		3.0515		3.9200		
2013-02-03	1.6592		3.0440		3.9200		
2013-02-01	0.8296		3.2005		3.9200		
2013-01-31	0.8543		3.2787		3.9200		
2013-01-30	0.8511		3.3441		3.9200		
2013-01-29	0.8305		3.4111		3.9200		
2013-01-28	0.8131		3.4886		3.9200		
2013-01-27	1.9594		3.5754		3.9200		
2013-01-25	0.9796		3.5753		3.9200		
2013-01-24	0.9796		3.9200		
2013-01-23	0.9796		3.9200		
2013-01-22	0.9791		3.9200		
2013-01-21	0.9796		3.9200		
2013-01-20	1.9592		3.9200		
2012-12-25	0.9114		5.8207		3.3600		
2012-12-24	0.7449		5.5983		3.3600		
2012-12-23	1.5278		5.9169		3.3600		
2012-12-21	2.0438		5.6570		3.3600		
2012-12-20	0.8046		4.8595		3.3600		
2012-12-19	5.1305		4.7079		3.3600		
2012-12-18	0.4848		2.2978		3.3600		
2012-12-17	1.3559		2.3099		3.3600		
2012-12-16	1.0294		1.8677		3.3600		
2012-12-14	0.5143		1.8600		3.3600		
2012-12-13	0.5140		4.5138		3.3600		
2012-12-12	0.5083		4.3698		3.3600		
2012-12-11	0.5080		5.3237		3.3600		
2012-12-10	0.5078		5.3345		3.3600		
2012-12-09	1.0147		5.3456		3.3600		
2012-12-07	5.6038		5.3683		3.3600		
2012-12-06	0.2378		2.7213		3.3600		
2012-12-05	2.3378		2.8710		3.3600		
2012-12-04	0.5287		3.2604		3.3600		
2012-12-03	0.5290		3.3332		3.3600		
2012-12-02	1.0582		3.3979		3.3600		
2012-11-30	0.5275		3.4851		3.3600		
2012-11-29	0.5248		3.5241		3.3600		
2012-11-28	3.0846		3.7476		3.3600		
2012-11-27	0.6683		2.6364		3.3600		
2012-11-26	0.6531		2.7852		3.3600		
2012-11-25	1.2254		8.2068		3.3600		
2012-11-23	0.6023		8.4422		
2012-11-22	0.9534		8.5248		
2012-11-21	0.9536		8.4237		
2012-11-20	0.9537		
2012-11-19	11.050		
2012-11-18	1.6769		5.4502		
2012-11-16	0.7607		5.2315		
2012-11-15	0.7594		5.1627		
2012-11-14	6.0021		5.0883		
2012-11-13	0.6299		2.2761		
2012-11-12	0.6235		2.2623		
2012-11-11	1.2575		2.2518		
2012-11-09	0.6286		2.2251		
2012-11-08	0.6167		2.2117		
2012-11-07	0.6090		2.2045		
2012-11-06	0.6034		3.5651		
2012-11-05	0.6033		3.4992		
2012-11-04	1.2063		3.4351		
2012-11-02	0.6030		3.1362		
2012-11-01	0.6029		2.9841		
2012-10-31	3.2183		5.8183		
2012-10-30	0.4770		4.1774		
2012-10-29	0.4804		3.9669		
2012-10-28	0.6331		3.7544		
2012-10-26	0.3113		3.4998		
2012-10-25	6.0382		
2012-10-24	0.0715		
2012-10-23	0.0732		
2012-10-22	0.0730		
2012-10-21	0.1448		
2012-09-25	0.9151		
2012-09-24	7.4023		
2012-09-23	1.4967		
2012-09-21	9.0232		
2012-09-20	0.2597		8.5502		
2012-09-19	5.3222		
2012-09-18	0.1463		
2012-09-17	9.2230		
2012-09-16	0.1227		
2012-09-14	1.3237		
2012-09-13	-0.157		
2012-09-12	0.5018		7.5024		
2012-09-11	1.7378		7.3623		
2012-09-10	2.8610		6.5552		
2012-09-09	0.7123		5.1658		
2012-09-07	8.3420		5.0006		
2012-09-06	0.2333		2.0481		
2012-09-05	0.2330		1.9865		
2012-09-04	0.1901		1.9082		
2012-09-03	0.1963		1.8619		
2012-09-02	0.3955		1.8098		
2012-08-31	2.6796		1.6946		
2012-08-30	0.1153		0.3415		
2012-08-29	0.0827		0.3158		
2012-08-28	0.1013		0.3118		
2012-08-27	0.0965		0.2967		
2012-08-26	0.1746		1.3648		
2012-08-24	0.0846		1.3019		
2012-08-23	0.0660		1.2645		
2012-08-22	0.0750		1.2404		
2012-08-21	0.0724		1.2146		
2012-08-20	2.1448		1.1918		
2012-08-19	0.0540		0.0869		
2012-08-17	0.0129		0.0853		
2012-08-16	0.0198		0.0917		
2012-08-15	0.0255		0.0931		
2012-08-14	0.0286		0.0891		
2012-08-13	0.0259		0.0843		
2012-08-12	0.0508		0.0765		
2012-08-10	0.0252		0.2507		
2012-08-09	0.0225		0.3339		
2012-08-08	0.0178		0.5692		
2012-08-07	0.0194		0.8044		
2012-08-06	0.0111		1.0399		
2012-08-05	0.3848		1.3111		
2012-08-03	0.1847		1.6936		
2012-08-02	0.4738		1.8875		
2012-08-01	0.4688		1.9303		
2012-07-31	0.4711		1.9743		
2012-07-30	0.5312		2.0497		
2012-07-29	1.1184		2.0940		
2012-07-27	0.5566		2.1531		
2012-07-26	0.5558		2.1814		
2012-07-25	0.5532		2.1071		
2012-07-24	0.6158		2.1516		
2012-07-23	0.6160		2.1634		
2012-07-22	1.2318		2.1737		
2012-07-20	0.6109		
2012-07-19	0.4133		
2012-07-18	0.6385		
2012-07-17	0.6384		
2012-07-16	0.6359		
2012-06-27	0.0352		
2012-06-26	0.8357		
2012-06-25	1.4248		
2012-06-21	0.8245		
2012-06-20	0.8245		
2012-06-19	0.8245		
2012-06-18	0.8245		
2012-06-15	0.8244		
2012-06-14	0.8244		
2012-06-13	0.8244		
2012-06-12	0.8244		
2012-06-11	0.8235		
2012-06-08	0.8244		
2012-06-07	0.8244		
2012-06-06	0.8243		
2012-06-05	0.8243		
