2014-06-03	0.6859		7.6460		3.9240		
2014-06-02	2.0752		7.6520		
2014-05-30	10.016		7.7560		4.1360		
2014-05-29	0.6684		2.6810		2.8280		
2014-05-28	0.6888		2.7190		2.8370		
2014-05-27	0.6975		2.7600		2.8470		
2014-05-26	0.7536		2.7970		2.8560		
2014-05-25	1.5061		2.8010		
2014-05-23	0.7602		2.8120		2.8650		
2014-05-22	0.7380		2.8170		2.8720		
2014-05-21	0.7656		2.8360		2.8800		
2014-05-20	0.7670		2.8380		2.8860		
2014-05-19	0.7616		2.8360		2.8360		
2014-05-18	1.5262		2.8360		
2014-05-16	0.7698		2.8340		2.9070		
2014-05-15	0.7730		2.8420		2.9120		
2014-05-14	0.7701		2.8430		2.9160		
2014-05-13	0.7627		2.8450		2.9170		
2014-05-12	0.7612		2.8500		2.9200		
2014-05-11	1.5225		2.8510		
2014-05-09	0.7848		2.9050		2.9470		
2014-05-08	0.7747		2.9200		2.9540		
2014-05-07	0.7743		2.9410		2.9680		
2014-05-06	0.7725		2.9600		2.9720		
2014-05-05	0.7617		2.9420		2.9760		
2014-05-04	3.2498		2.9450		
2014-04-30	0.8099		2.8680		3.0340		
2014-04-29	0.7399		2.8730		3.0360		
2014-04-28	0.7674		2.9040		3.0460		
2014-04-27	1.5294		2.9270		
2014-04-25	0.7532		2.9810		3.0300		
2014-04-24	0.8232		3.0050		3.0150		
2014-04-23	0.8185		2.9930		2.9990		
2014-04-22	0.7985		2.9860		2.9980		
2014-04-21	0.8111		2.9890		2.9990		
2014-04-20	1.6293		2.9710		
2014-04-18	0.7976		2.9760		4.3110		
2014-04-17	0.8009		2.9860		4.3040		
2014-04-16	0.8059		3.0050		4.2950		
2014-04-15	0.8044		3.0210		4.3390		
2014-04-14	0.7770		3.0680		4.3870		
2014-04-13	1.6385		3.1320		
2014-04-11	0.8171		3.2150		4.2520		
2014-04-10	0.8354		3.2550		4.2520		
2014-04-09	0.8351		3.2810		4.2490		
2014-04-08	0.8929		3.3120		4.2870		
2014-04-07	2.6881		3.2930		
2014-04-04	0.8919		3.1080		4.2050		
2014-04-03	0.8839		3.0560		4.1930		
2014-04-02	0.8925		2.9330		4.1910		
2014-04-01	0.8581		2.8300		4.2200		
2014-03-31	0.6900		2.7110		
2014-03-30	1.6540		2.7110		
2014-03-28	0.7946		2.5750		4.4150		
2014-03-27	0.6551		2.5270		4.4720		
2014-03-26	0.7035		2.5540		4.5460		
2014-03-25	0.6328		8.7760		4.6130		
2014-03-24	0.6906		8.8370		4.6890		
2014-03-23	1.4003		8.8590		
2014-03-21	0.7032		8.8920		4.9220		
2014-03-20	0.7071		8.9160		4.9540		
2014-03-19	12.006		8.9390		5.0260		
2014-03-18	0.7388		2.7180		3.5630		
2014-03-17	0.7300		2.7590		3.6280		
2014-03-16	1.4592		2.8010		
2014-03-14	0.7447		2.8880		3.7680		
2014-03-13	0.7469		2.9260		3.8850		
2014-03-12	0.7235		2.9640		3.9530		
2014-03-11	0.8150		3.0080		4.0420		
2014-03-10	0.8095		2.9960		4.0760		
2014-03-09	1.6211		3.0260		
2014-03-07	0.8160		3.4430		4.2180		
2014-03-06	0.8170		3.6450		4.2820		
2014-03-05	0.8054		3.8500		4.3290		
2014-03-04	0.7917		4.0610		4.3810		
2014-03-03	0.8667		4.2770		4.4390		
2014-03-02	2.3956		4.4410		
2014-02-28	1.1901		4.4140		4.5470		
2014-02-27	1.1954		4.4310		4.5600		
2014-02-26	1.1957		4.4520		4.5680		
2014-02-25	1.1888		4.4760		4.5710		
2014-02-24	1.1679		4.4940		4.5760		
2014-02-23	2.3470		4.5100		
2014-02-21	1.2210		4.5290		4.6380		
2014-02-20	1.2341		4.5440		4.6530		
2014-02-19	1.2385		4.5520		4.6630		
2014-02-18	1.2217		4.6300		4.6650		
2014-02-17	1.1983		4.5440		4.6680		
2014-02-16	2.3813		4.5540		
2014-02-14	1.2496		4.5320		4.7560		
2014-02-13	1.2477		4.5100		4.7590		
2014-02-12	1.3828		4.5180		4.7720		
2014-02-11	1.0633		4.4520		4.7580		
2014-02-10	1.2160		4.5610		4.7860		
2014-02-09	2.3410		4.5860		
2014-02-07	1.2097		4.6870		4.8600		
2014-02-06	8.8377		4.7160		
2014-01-30	1.2632		4.6440		5.0430		
2014-01-29	1.1794		4.7060		5.0130		
2014-01-28	1.2952		4.8180		5.0330		
2014-01-27	1.2563		4.8440		5.0400		
2014-01-26	2.6389		4.8760		
2014-01-24	1.0734		4.9230		5.2120		
2014-01-23	1.3764		5.0800		5.2420		
2014-01-22	1.3846		5.0740		5.2320		
2014-01-21	1.3431		5.0500		5.2330		
2014-01-20	1.3154		5.0140		5.2400		
2014-01-19	2.7236		5.0310		
2014-01-17	1.3599		5.0160		5.2170		
2014-01-16	1.3660		5.0060		5.1870		
2014-01-15	1.3403		4.9920		5.1720		
2014-01-14	1.2781		4.9950		5.1770		
2014-01-13	1.3471		5.0290		5.1910		
2014-01-12	2.6948		5.0260		
2014-01-10	1.3429		5.0250		5.0940		
2014-01-09	1.3407		5.0220		5.0610		
2014-01-08	1.3445		5.0400		4.9910		
2014-01-07	1.3409		4.9580		4.9900		
2014-01-06	1.3409		5.4540		4.9890		
2014-01-05	2.6938		5.2750		
2014-01-03	1.3364		5.2640		4.9390		
2014-01-02	1.3749		5.2550		4.9260		
2014-01-01	1.1933		5.9680		
2013-12-31	2.2462		6.0360		
2013-12-30	1.0155		5.5230		4.7450		
2013-12-29	2.6722		5.6760		
2013-12-27	1.3216		5.6290		4.7160		
2013-12-26	2.6687		5.6880		4.7030		
2013-12-25	1.3174		4.9520		4.5440		
2013-12-24	1.3160		4.9470		4.5260		
2013-12-23	1.2932		4.8380		4.4980		
2013-12-22	2.5862		4.8120		
2013-12-20	1.4286		4.7620		4.4670		
2013-12-19	1.3291		4.6550		4.4320		
2013-12-18	1.3085		4.5460		4.4420		
2013-12-17	1.1168		4.4710		4.3860		
2013-12-16	1.2438		4.4480		4.3940		
2013-12-15	2.4961		4.1950		
2013-12-13	1.2318		4.3300		4.4080		
2013-12-12	1.1299		4.4040		4.3940		
2013-12-11	1.1712		4.3010		4.3850		
2013-12-10	1.0735		4.3390		4.3750		
2013-12-09	0.7797		4.4270		
2013-12-08	2.7443		4.4410		
2013-12-06	1.3671		4.2800		
2013-12-05	0.9413		4.1900		
2013-12-04	1.2406		4.2640		
2013-12-03	1.2345		4.2540		
2013-12-02	0.8057		4.3570		
2013-12-01	2.4478		4.5560		
2013-11-29	1.2022		4.5080		
2013-11-28	1.0783		4.4810		
2013-11-27	1.2220		4.5590		
2013-11-26	1.4231		4.5210		
2013-11-25	1.1712		4.5130		
2013-11-24	2.3595		4.3480		
2013-11-22	1.1523		4.3270		
2013-11-21	1.2223		4.5630		
2013-11-20	1.1519		4.5110		
2013-11-19	1.4094		4.4930		
2013-11-18	0.8682		4.3030		
2013-11-17	2.3195		4.4220		
2013-11-15	1.5865		4.3620		
2013-11-14	1.1262		4.0790		
2013-11-13	1.1197		4.1300		3.9550		
2013-11-12	1.0610		4.1010		3.9480		
2013-11-11	1.0869		4.0980		3.9480		
2013-11-10	2.2086		4.0900		
2013-11-08	1.0659		4.0500		4.0050		
2013-11-07	1.2199		4.0440		3.9860		
2013-11-06	1.0667		3.9590		3.9670		
2013-11-05	1.0551		3.9730		3.9670		
2013-11-04	1.0714		3.9780		3.9680		
2013-11-03	2.1357		3.9240		
2013-11-01	1.0548		3.8410		3.9670		
2013-10-31	1.0636		3.7710		
2013-10-30	1.0919		3.7600		3.9690		
2013-10-29	1.0645		3.7230		4.0620		
2013-10-28	0.9713		3.7110		4.0650		
2013-10-27	1.9833		3.7540		
2013-10-25	0.9239		3.8200		4.1340		
2013-10-24	1.0448		3.8810		4.1580		
2013-10-23	1.0227		3.9150		4.1670		
2013-10-22	1.0431		3.9570		4.1820		
2013-10-21	1.0508		3.9840		4.1920		
2013-10-20	2.1039		4.0120		
2013-10-18	1.0382		4.0720		4.2250		
2013-10-17	1.1062		4.1090		4.2380		
2013-10-16	1.1011		4.4250		4.2410		
2013-10-15	1.0922		4.2990		4.2440		
2013-10-14	1.1018		4.2010		4.2500		
2013-10-13	2.2146		4.2330		
2013-10-11	1.1065		4.2920		4.0650		
2013-10-10	1.6880		4.3210		4.0580		
2013-10-09	0.8703		4.0350		3.9760		
2013-10-08	0.9114		4.1940		3.9960		
2013-10-07	8.1294		4.3300		
2013-09-30	1.1577		4.2490		3.6300		
2013-09-29	2.3013		4.2380		
2013-09-27	1.1484		4.2220		3.5030		
2013-09-26	1.1434		4.2150		3.4520		
2013-09-25	1.1070		4.2120		3.4470		
2013-09-24	1.1223		4.2270		3.4250		
2013-09-23	1.1376		4.2280		3.3990		
2013-09-22	4.5451		4.2210		
2013-09-18	1.1354		3.3850		3.4750		
2013-09-17	1.1241		3.3380		3.4500		
2013-09-16	1.1255		3.2930		3.4240		
2013-09-15	2.2522		3.2420		
2013-09-13	0.3721		3.1360		3.4930		
2013-09-12	0.3758		3.0890		3.5870		
2013-09-11	1.0483		3.0540		3.6820		
2013-09-10	1.0404		3.0570		3.6740		
2013-09-09	1.0294		3.0580		3.6680		
2013-09-08	2.0567		2.7280		
2013-09-06	0.2847		2.7200		3.7540		
2013-09-05	0.3102		2.7760		3.8610		
2013-09-04	1.0538		3.1500		3.9730		
2013-09-03	1.0421		3.0880		3.9740		
2013-09-02	0.4153		2.9210		3.9780		
2013-09-01	2.0412		3.2910		
2013-08-30	0.3880		3.4560		4.1680		
2013-08-29	1.0083		3.8800		4.2710		
2013-08-28	0.9383		3.9640		4.2930		
2013-08-27	0.7301		4.0830		4.3200		
2013-08-26	1.1037		4.3080		4.3760		
2013-08-25	2.3481		4.3340		
2013-08-23	1.1714		4.3200		4.4170		
2013-08-22	1.1644		4.3110		4.3880		
2013-08-21	1.1570		4.3060		4.3660		
2013-08-20	1.1455		4.3020		4.3670		
2013-08-19	1.1512		4.3030		4.3710		
2013-08-18	2.3211		4.3030		
2013-08-16	1.1557		4.2980		4.3530		
2013-08-15	1.1550		4.2970		4.3260		
2013-08-14	1.1504		4.2990		4.2930		
2013-08-13	1.1471		4.2950		4.2940		
2013-08-12	1.1512		4.3040		4.2940		
2013-08-11	2.3110		4.3410		
2013-08-09	1.1553		4.4090		4.3760		
2013-08-08	1.1582		4.4420		4.3660		
2013-08-07	1.1425		4.4910		4.3860		
2013-08-06	1.1634		4.5490		4.3900		
2013-08-05	1.2200		4.5830		4.3920		
2013-08-04	2.4355		4.5640		
2013-08-02	1.2167		4.5170		4.3700		
2013-08-01	1.2469		4.4810		4.3300		
2013-07-31	1.2503		4.4800		
2013-07-30	1.2252		4.5540		4.3350		
2013-07-29	1.1848		4.3960		4.3270		
2013-07-28	2.3502		4.2860		
2013-07-26	1.1490		4.5290		4.4970		
2013-07-25	1.2463		4.4470		4.5210		
2013-07-24	1.3858		4.3070		4.4690		
2013-07-23	0.9356		4.0380		4.4190		
2013-07-22	0.9817		4.0370		4.4520		
2013-07-21	2.7961		3.9870		
2013-07-19	0.9993		3.9270		4.3360		
2013-07-18	0.9898		3.9770		4.3340		
2013-07-17	0.8894		4.0490		4.3260		
2013-07-16	0.9346		4.3970		
2013-07-15	0.8893		4.4760		4.3540		
2013-07-14	2.6850		4.7080		
2013-07-12	1.0910		4.7430		4.1880		
2013-07-11	1.1241		4.7510		4.1930		
2013-07-10	1.5297		4.7290		4.1930		
2013-07-09	1.0792		4.3810		4.1360		
2013-07-08	1.3145		4.2820		4.1410		
2013-07-07	2.7483		4.3140		
2013-07-05	1.1067		4.3940		
2013-07-04	1.0831		4.7990		3.7880		
2013-07-03	0.8923		4.9140		3.7560		
2013-07-02	0.8959		5.1560		3.7500		
2013-07-01	1.3745		5.1260		3.7640		
2013-06-30	2.8944		4.9140		
2013-06-28	1.8500		4.4230		3.5090		
2013-06-27	1.2932		4.0010		3.3850		
2013-06-26	1.3347		3.8410		3.3300		
2013-06-25	0.8404		3.6490		3.2750		
2013-06-24	0.9885		3.6940		3.2800		
2013-06-23	1.9930		3.6350		
2013-06-21	1.0746		3.4870		3.2030		
2013-06-20	0.9973		3.3610		3.1630		
2013-06-19	0.9790		3.2970		3.1420		
2013-06-18	0.9246		3.2290		3.1250		
2013-06-17	0.8794		3.1910		3.1710		
2013-06-16	1.7180		3.1770		
2013-06-14	0.8425		3.1710		3.2200		
2013-06-13	0.8771		3.1740		3.2570		
2013-06-12	4.2678		3.1650		
2013-06-07	0.8475		3.1350		3.3070		
2013-06-06	0.8602		3.1330		3.3170		
2013-06-05	0.8497		3.1260		3.3090		
2013-06-04	0.8341		3.1110		3.3150		
2013-06-03	0.8406		3.1110		3.3220		
2013-06-02	1.6882		3.1080		
2013-05-30	0.8468		3.0920		3.4870		
2013-05-29	0.8224		3.0670		3.4990		
2013-05-28	0.8347		3.0620		3.5160		
2013-05-27	0.8350		3.0150		3.5320		
2013-05-26	1.6153		3.0080		
2013-05-24	0.8855		3.0530		3.6130		
2013-05-23	0.8008		3.0320		3.6010		
2013-05-22	0.8123		3.3040		3.6190		
2013-05-21	0.7486		3.5620		3.6310		
2013-05-20	0.8209		3.7770		3.6610		
2013-05-19	1.6991		3.7790		
2013-05-17	0.8474		3.7690		3.6320		
2013-05-16	1.3069		3.7630		3.6280		
2013-05-15	1.2905		3.8130		3.7410		
2013-05-14	1.1462		3.5580		3.6810		
2013-05-13	0.8239		3.4400		3.6610		
2013-05-12	1.6806		3.4260		
2013-05-10	0.8363		3.3670		3.6710		
2013-05-09	1.3998		3.3170		
2013-05-08	0.8185		3.8150		3.8860		
2013-05-07	0.9280		3.8110		3.8880		
2013-05-06	0.7985		3.7470		3.8770		
2013-05-05	1.5709		3.7540		
2013-05-03	0.7425		3.7820		3.8930		
2013-05-02	2.3226		4.4860		3.9840		
2013-05-01	4.0545		3.6580		
2013-04-26	2.0399		3.6920		4.3070		
2013-04-25	0.7962		2.9890		4.2210		
2013-04-24	0.7909		3.1360		4.2060		
2013-04-23	0.9461		3.1510		4.1910		
2013-04-22	0.9106		3.8290		4.2610		
2013-04-21	1.4688		3.7760		
2013-04-19	0.7353		3.8600		4.4030		
2013-04-18	1.0703		4.0750		4.4380		
2013-04-17	0.8185		3.9370		4.3700		
2013-04-16	2.2026		4.6150		4.3320		
2013-04-15	0.8136		4.5300		
2013-04-14	1.6230		4.5600		
2013-04-12	1.1322		4.5880		4.2400		
2013-04-11	0.8171		4.4270		4.2270		
2013-04-10	2.0655		4.4380		4.2200		
2013-04-09	2.0452		3.7660		4.0640		
2013-04-08	0.8699		3.4630		4.0110		
2013-04-07	3.3470		3.8210		
2013-04-03	0.8285		4.8910		4.1380		
2013-04-02	1.4840		5.2380		4.1180		
2013-04-01	1.5315		5.4450		4.0420		
2013-03-31	1.5510		5.3250		
2013-03-29	2.9377		5.2080		
2013-03-28	0.8266		4.4410		3.7980		
2013-03-27	1.4607		5.2200		3.8110		
2013-03-26	1.8609		4.7590		3.3460		
2013-03-25	1.3141		4.1300		
2013-03-24	1.3384		3.9750		
2013-03-22	1.5337		3.7870		3.5360		
2013-03-21	2.2515		3.3220		3.4480		
2013-03-20	0.6178		2.6460		3.2800		
2013-03-19	0.6986		3.1010		3.3240		
2013-03-18	1.0370		3.1220		
2013-03-17	0.9913		3.1190		
2013-03-15	0.6710		3.3950		3.4670		
2013-03-14	0.9927		3.8950		
2013-03-13	1.4665		4.0070		3.5000		
2013-03-12	0.7381		3.6060		3.4330		
2013-03-11	1.0301		4.2950		3.4680		
2013-03-10	1.5046		4.1110		
2013-03-08	1.5968		4.0100		3.5060		
2013-03-07	1.1999		3.6030		3.4360		
2013-03-06	0.7243		3.4390		3.4100		
2013-03-05	2.0097		3.5510		
2013-03-04	0.6917		2.9080		
2013-03-03	1.3186		2.9540		
2013-03-01	0.8454		3.0320		
2013-02-28	0.8959		3.0140		
2013-02-27	0.9303		2.9930		
2013-02-26	0.8165		3.0070		
2013-02-25	0.8165		3.0070		
2013-02-24	1.4647		3.1780		
2013-02-22	0.8118		3.4200		
2013-02-21	0.8574		3.4990		
2013-02-20	0.9550		3.5530		
2013-02-19	10.528		3.5540		
2013-02-01	3.2429		2.3960		
