2014-06-03	0.7655		7.9600		4.2280		
2014-06-02	2.3134		7.9770		
2014-05-30	10.095		8.0810		4.4420		
2014-05-29	0.7498		2.9910		3.1290		
2014-05-28	0.7700		3.0270		3.1400		
2014-05-27	0.7947		3.0680		3.1500		
2014-05-26	0.8333		3.0960		3.1570		
2014-05-25	1.6650		3.1000		
2014-05-23	0.8395		3.1110		3.1660		
2014-05-22	0.8177		3.1160		3.1740		
2014-05-21	0.8453		3.1350		3.1810		
2014-05-20	0.8466		3.1370		3.1870		
2014-05-19	0.8411		3.1350		3.1350		
2014-05-18	1.6851		3.1350		
2014-05-16	0.8494		3.1330		3.2090		
2014-05-15	0.8524		3.1410		3.2130		
2014-05-14	0.8496		3.1420		3.2170		
2014-05-13	0.8428		3.1440		3.2180		
2014-05-12	0.8408		3.1490		3.2210		
2014-05-11	1.6814		3.1500		
2014-05-09	0.8644		3.2050		3.2490		
2014-05-08	0.8543		3.2190		3.2550		
2014-05-07	0.8538		3.2400		3.2700		
2014-05-06	0.8525		3.2590		3.2740		
2014-05-05	0.8412		3.2480		3.2780		
2014-05-04	3.5675		3.2520		
2014-04-30	0.8893		3.1760		3.3370		
2014-04-29	0.8329		3.1800		3.3380		
2014-04-28	0.8479		3.2060		3.3460		
2014-04-27	1.6883		3.2290		
2014-04-25	0.8350		3.2830		3.3280		
2014-04-24	0.9024		3.3060		3.3120		
2014-04-23	0.8980		3.2930		3.2960		
2014-04-22	0.8809		3.2860		3.2940		
2014-04-21	0.8905		3.2880		3.2950		
2014-04-20	1.7882		3.2700		
2014-04-18	0.8771		3.2740		4.6110		
2014-04-17	0.8793		3.2850		4.6040		
2014-04-16	0.8856		3.3040		4.5950		
2014-04-15	0.8836		3.3200		4.6390		
2014-04-14	0.8566		3.3680		4.6870		
2014-04-13	1.7974		3.4320		
2014-04-11	0.8965		3.5150		4.5520		
2014-04-10	0.9148		3.5560		4.5520		
2014-04-09	0.9158		3.5820		4.5490		
2014-04-08	0.9723		3.6110		4.5880		
2014-04-07	2.9264		3.5930		
2014-04-04	0.9713		3.4100		4.5050		
2014-04-03	0.9632		3.3570		4.4930		
2014-04-02	0.9708		3.2270		4.4920		
2014-04-01	0.9378		3.1200		4.5220		
2014-03-31	0.7749		2.9980		
2014-03-30	1.8129		2.9940		
2014-03-28	0.8722		2.8580		4.7160		
2014-03-27	0.7234		2.8090		4.7740		
2014-03-26	0.7785		2.8440		4.8490		
2014-03-25	0.7039		9.0860		4.9170		
2014-03-24	0.7679		9.1510		4.9950		
2014-03-23	1.5591		9.1750		
2014-03-21	0.7811		9.2090		5.2300		
2014-03-20	0.7870		9.2330		5.2610		
2014-03-19	12.086		9.2560		5.3340		
2014-03-18	0.8193		3.0170		3.8660		
2014-03-17	0.8097		3.0580		3.9320		
2014-03-16	1.6181		3.1010		
2014-03-14	0.8243		3.1880		4.0720		
2014-03-13	0.8264		3.2260		4.1890		
2014-03-12	0.8032		3.2640		4.2570		
2014-03-11	0.8954		3.3080		4.3470		
2014-03-10	0.8890		3.2960		4.3810		
2014-03-09	1.7800		3.3320		
2014-03-07	0.8953		3.7500		4.5240		
2014-03-06	0.8969		3.9530		4.5880		
2014-03-05	0.8851		4.1580		4.6350		
2014-03-04	0.8727		4.3700		4.6880		
2014-03-03	0.9565		4.5870		4.7460		
2014-03-02	2.5545		4.7460		
2014-02-28	1.2700		4.7190		4.8530		
2014-02-27	1.2750		4.7360		4.8660		
2014-02-26	1.2755		4.7570		4.8740		
2014-02-25	1.2707		4.7800		4.8770		
2014-02-24	1.2473		4.7970		4.8820		
2014-02-23	2.5058		4.8140		
2014-02-21	1.3006		4.8330		4.9440		
2014-02-20	1.3136		4.8490		4.9590		
2014-02-19	1.3180		4.8560		4.9690		
2014-02-18	1.3015		4.9350		4.9710		
2014-02-17	1.2786		4.8500		4.9740		
2014-02-16	2.5402		4.8620		
2014-02-14	1.3295		4.8400		5.0620		
2014-02-13	1.3275		4.8180		5.0660		
2014-02-12	1.4621		4.8250		5.0780		
2014-02-11	1.1452		4.7590		5.0650		
2014-02-10	1.3002		4.8670		5.0920		
2014-02-09	2.4999		4.8900		
2014-02-07	1.2894		4.9910		5.1660		
2014-02-06	9.3938		5.0200		
2014-01-30	1.3427		4.9520		5.3500		
2014-01-29	1.2641		5.0140		5.3190		
2014-01-28	1.3764		5.1230		5.3390		
2014-01-27	1.3356		5.1490		5.3460		
2014-01-26	2.7977		5.1820		
2014-01-24	1.1527		5.2280		5.5190		
2014-01-23	1.4559		5.3860		5.5490		
2014-01-22	1.4643		5.3800		5.5390		
2014-01-21	1.4229		5.3550		5.5400		
2014-01-20	1.3956		5.3200		5.5470		
2014-01-19	2.8825		5.3370		
2014-01-17	1.4394		5.3220		5.5240		
2014-01-16	1.4454		5.3120		5.4940		
2014-01-15	1.4198		5.2990		5.4790		
2014-01-14	1.3591		5.3010		5.4840		
2014-01-13	1.4268		5.3350		5.4980		
2014-01-12	2.8537		5.3320		
2014-01-10	1.4227		5.3310		5.4000		
2014-01-09	1.4205		5.3280		5.3670		
2014-01-08	1.4243		5.3460		5.2890		
2014-01-07	1.4212		5.2630		5.2870		
2014-01-06	1.4204		5.7630		5.2860		
2014-01-05	2.8526		5.5830		
2014-01-03	1.4161		5.5720		5.2360		
2014-01-02	1.4544		5.5630		5.2230		
2014-01-01	1.2727		6.2780		
2013-12-31	2.3297		6.3470		
2013-12-30	1.0948		5.8310		5.0410		
2013-12-29	2.8311		5.9840		
2013-12-27	1.4012		5.9370		5.0120		
2013-12-26	2.7490		5.9960		5.0000		
2013-12-25	1.3970		5.2580		4.8410		
2013-12-24	1.3963		5.2530		4.8220		
2013-12-23	1.3728		5.1440		4.7950		
2013-12-22	2.7451		5.1170		
2013-12-20	1.5081		5.0670		4.7630		
2013-12-19	1.4088		4.9590		4.7280		
2013-12-18	1.3881		4.8510		4.7380		
2013-12-17	1.1972		4.7760		4.6820		
2013-12-16	1.3230		4.7520		4.6900		
2013-12-15	2.6550		4.4610		
2013-12-13	1.3115		4.5960		4.7050		
2013-12-12	1.2101		4.6700		4.6900		
2013-12-11	1.2509		4.5670		4.6820		
2013-12-10	1.1535		4.6050		4.6710		
2013-12-09	0.7897		4.6930		
2013-12-08	2.9032		4.7450		
2013-12-06	1.4474		4.5830		
2013-12-05	1.0207		4.4960		
2013-12-04	1.3202		4.5710		
2013-12-03	1.3145		4.5610		
2013-12-02	0.8859		4.6640		
2013-12-01	2.6067		4.8640		
2013-11-29	1.2877		4.8160		
2013-11-28	1.1577		4.7850		
2013-11-27	1.3021		4.8640		
2013-11-26	1.5038		4.8250		
2013-11-25	1.2508		4.8180		
2013-11-24	2.5184		4.6520		
2013-11-22	1.2319		4.6310		
2013-11-21	1.3019		4.8680		
2013-11-20	1.2316		4.8150		
2013-11-19	1.4897		4.7970		
2013-11-18	0.9481		4.6070		
2013-11-17	2.4784		4.7270		
2013-11-15	1.6661		4.6660		
2013-11-14	1.2058		4.3830		4.2630		
2013-11-13	1.1992		4.4350		4.2600		
2013-11-12	1.1416		4.4060		4.2530		
2013-11-11	1.1670		4.4030		4.2530		
2013-11-10	2.3674		4.3950		
2013-11-08	1.1456		4.3550		4.3100		
2013-11-07	1.3018		4.3490		4.2920		
2013-11-06	1.1461		4.2630		4.2730		
2013-11-05	1.1359		4.2770		4.2730		
2013-11-04	1.1516		4.2850		4.2740		
2013-11-03	2.2946		4.2300		
2013-11-01	1.1348		4.1480		4.2730		
2013-10-31	1.1439		4.0760		
2013-10-30	1.1724		4.0660		4.2760		
2013-10-29	1.1504		4.0280		4.3670		
2013-10-28	1.0507		4.0140		4.3700		
2013-10-27	2.1422		4.0570		
2013-10-25	1.0030		4.1220		4.4400		
2013-10-24	1.1245		4.1850		4.4630		
2013-10-23	1.1022		4.2180		4.4730		
2013-10-22	1.1245		4.2610		4.4880		
2013-10-21	1.1303		4.2870		4.4980		
2013-10-20	2.2628		4.3150		
2013-10-18	1.1184		4.3750		4.5310		
2013-10-17	1.1860		4.4120		4.5440		
2013-10-16	1.1807		4.7290		4.5460		
2013-10-15	1.1729		4.6080		4.5500		
2013-10-14	1.1807		4.5120		4.5560		
2013-10-13	2.3735		4.5440		
2013-10-11	1.1860		4.6030		4.3710		
2013-10-10	1.7678		4.6330		4.3630		
2013-10-09	0.9589		4.3460		4.2810		
2013-10-08	0.9969		4.5000		4.3000		
2013-10-07	8.6855		4.6330		
2013-09-30	1.2384		4.5540		3.9330		
2013-09-29	2.4602		4.5420		
2013-09-27	1.2286		4.5260		3.8060		
2013-09-26	1.2228		4.5190		3.7550		
2013-09-25	1.1845		4.5160		3.7500		
2013-09-24	1.2060		4.5320		3.7280		
2013-09-23	1.2174		4.5330		3.7010		
2013-09-22	4.8628		4.5260		
2013-09-18	1.2152		3.6880		3.7770		
2013-09-17	1.2066		3.6410		3.7520		
2013-09-16	1.2055		3.5950		3.7260		
2013-09-15	2.4111		3.5430		
2013-09-13	0.4520		3.4380		3.7940		
2013-09-12	0.4557		3.3910		3.8890		
2013-09-11	1.1278		3.3560		3.9840		
2013-09-10	1.1221		3.3590		3.9760		
2013-09-09	1.1092		3.3600		4.0470		
2013-09-08	2.2156		3.0300		
2013-09-06	0.3661		3.0220		4.0560		
2013-09-05	0.3896		3.0760		4.1630		
2013-09-04	1.1333		3.4530		4.2750		
2013-09-03	1.1250		3.3910		4.2760		
2013-09-02	0.4953		3.2200		4.2790		
2013-09-01	2.2001		3.5910		
2013-08-30	0.4667		3.7570		4.4700		
2013-08-29	1.0912		4.1820		4.5750		
2013-08-28	1.0176		4.2640		4.5960		
2013-08-27	0.8074		4.3830		4.6230		
2013-08-26	1.1831		4.6110		4.6800		
2013-08-25	2.5070		4.6370		
2013-08-23	1.2504		4.6220		4.7210		
2013-08-22	1.2435		4.6140		4.6920		
2013-08-21	1.2359		4.6080		4.6690		
2013-08-20	1.2259		4.6050		4.6710		
2013-08-19	1.2300		4.6060		4.6740		
2013-08-18	2.4800		4.6060		
2013-08-16	1.2353		4.6000		4.6570		
2013-08-15	1.2334		4.5990		4.6300		
2013-08-14	1.2296		4.6010		4.5970		
2013-08-13	1.2274		4.5970		4.5980		
2013-08-12	1.2301		4.6050		4.5980		
2013-08-11	2.4699		4.6440		
2013-08-09	1.2331		4.7120		4.6800		
2013-08-08	1.2372		4.7460		4.6710		
2013-08-07	1.2220		4.7950		4.6900		
2013-08-06	1.2433		4.8540		4.6950		
2013-08-05	1.3001		4.8920		4.6970		
2013-08-04	2.5944		4.8710		
2013-08-02	1.2965		4.8250		4.6740		
2013-08-01	1.3260		4.7870		4.6340		
2013-07-31	1.3296		4.7880		
2013-07-30	1.3131		4.8620		4.6410		
2013-07-29	1.2629		4.6990		4.6320		
2013-07-28	2.5091		4.5890		
2013-07-26	1.2272		4.8320		4.8030		
2013-07-25	1.3275		4.7520		4.8270		
2013-07-24	1.4649		4.6110		4.7750		
2013-07-23	1.0152		4.3410		4.7250		
2013-07-22	1.0607		4.3410		4.7580		
2013-07-21	2.9550		4.2910		
2013-07-19	1.0799		4.2310		4.6420		
2013-07-18	1.0702		4.2800		4.6390		
2013-07-17	0.9694		4.3530		4.6310		
2013-07-16	1.0154		4.7020		
2013-07-15	0.9689		4.7810		4.6590		
2013-07-14	2.8439		5.0130		
2013-07-12	1.1705		5.0480		4.4940		
2013-07-11	1.2037		5.0560		4.4990		
2013-07-10	1.6103		5.0330		4.4990		
2013-07-09	1.1594		4.6820		4.4420		
2013-07-08	1.3940		4.5820		4.4460		
2013-07-07	2.9072		4.6230		
2013-07-05	1.1862		4.7020		
2013-07-04	1.1610		5.1090		4.0920		
2013-07-03	0.9687		5.2260		4.0610		
2013-07-02	0.9748		5.4710		3.6840		
2013-07-01	1.4694		5.4420		4.0700		
2013-06-30	3.0533		5.2220		
2013-06-28	1.9303		4.7280		3.8130		
2013-06-27	1.3728		4.3060		3.6890		
2013-06-26	1.4149		4.1450		3.6330		
2013-06-25	0.9225		3.9510		3.5770		
2013-06-24	1.0685		3.9960		3.5830		
2013-06-23	2.1519		3.9360		
2013-06-21	1.1544		3.7870		3.5050		
2013-06-20	1.0764		3.6650		3.4650		
2013-06-19	1.0587		3.6010		3.4430		
2013-06-18	1.0040		3.5330		3.4270		
2013-06-17	0.9590		3.4950		3.4720		
2013-06-16	1.8769		3.4810		
2013-06-14	0.9290		3.4750		3.5220		
2013-06-13	0.9572		3.4750		3.5580		
2013-06-12	4.6650		3.4650		
2013-06-07	0.9285		3.4350		3.6080		
2013-06-06	0.9393		3.4320		3.6170		
2013-06-05	0.9284		3.4240		3.6090		
2013-06-04	0.9151		3.4170		3.6150		
2013-06-03	0.9193		3.4160		3.6220		
2013-06-02	1.8470		3.4130		
2013-05-30	0.9257		3.3970		3.7910		
2013-05-29	0.9157		3.3720		3.8040		
2013-05-28	0.9132		3.3590		3.8190		
2013-05-27	0.9132		3.3130		3.8360		
2013-05-26	1.7741		3.3060		
2013-05-24	0.9644		3.3510		3.9160		
2013-05-23	0.8801		3.3310		3.9040		
2013-05-22	0.8911		3.6040		3.9220		
2013-05-21	0.8275		3.8620		3.9340		
2013-05-20	0.9003		4.0780		3.9640		
2013-05-19	1.8580		4.0790		
2013-05-17	0.9268		4.0690		3.9350		
2013-05-16	1.3863		4.0630		3.9310		
2013-05-15	1.3693		4.1130		4.0440		
2013-05-14	1.2252		3.8570		3.9840		
2013-05-13	0.9025		3.7380		3.9630		
2013-05-12	1.8394		3.7230		
2013-05-10	0.9152		3.6640		3.9730		
2013-05-09	1.4793		3.6290		
2013-05-08	0.8963		4.1290		4.1880		
2013-05-07	1.0049		4.1260		4.1910		
2013-05-06	0.8763		4.0630		4.1800		
2013-05-05	1.7298		4.0710		
2013-05-03	0.8501		4.0990		4.1960		
2013-05-02	2.4023		4.7900		4.2830		
2013-05-01	4.4517		3.9590		
2013-04-26	2.1194		3.9910		4.6180		
2013-04-25	0.8749		3.2850		4.5310		
2013-04-24	0.8695		3.4320		4.5160		
2013-04-23	1.0250		3.4470		4.5020		
2013-04-22	0.9892		4.1270		4.5720		
2013-04-21	1.6277		4.0740		
2013-04-19	0.8127		4.1580		4.7140		
2013-04-18	1.1478		4.3740		4.7500		
2013-04-17	0.8967		4.2360		4.6820		
2013-04-16	2.2816		4.9160		4.6430		
2013-04-15	0.8923		4.8280		
2013-04-14	1.7819		4.8600		
2013-04-12	1.2096		4.8870		4.5510		
2013-04-11	0.8943		4.7270		4.5390		
2013-04-10	2.1438		4.7390		4.5320		
2013-04-09	2.1221		4.0660		4.3760		
2013-04-08	0.9494		3.7620		4.3230		
2013-04-07	3.6648		4.1190		
2013-04-03	0.9079		5.2410		4.4500		
2013-04-02	1.5598		5.5880		4.4300		
2013-04-01	1.6096		5.7980		4.3740		
2013-03-31	1.7099		5.6790		
2013-03-29	3.1050		5.5620		
2013-03-28	0.9055		4.7440		4.1200		
2013-03-27	1.5399		5.5260		4.1340		
2013-03-26	1.9403		5.0640		3.6680		
2013-03-25	1.3935		4.4300		
2013-03-24	1.4973		4.2780		
2013-03-22	1.6131		4.0890		3.8590		
2013-03-21	2.3324		3.6220		3.7700		
2013-03-20	0.6972		2.9430		3.6010		
2013-03-19	0.7780		3.4000		3.6450		
2013-03-18	1.1164		3.4210		
2013-03-17	1.1502		3.4170		
2013-03-15	0.7500		3.6950		3.7890		
2013-03-14	1.0720		4.1960		
2013-03-13	1.5457		4.3090		3.8210		
2013-03-12	0.8173		3.9060		3.7550		
2013-03-11	1.1095		4.5970		3.7880		
2013-03-10	1.6635		4.4130		
2013-03-08	1.6762		4.3120		3.8280		
2013-03-07	1.2792		3.9930		3.7580		
2013-03-06	0.8035		3.8280		3.7320		
2013-03-05	2.0889		3.9400		
2013-03-04	0.7711		3.2960		
2013-03-03	1.4775		3.3410		
2013-03-01	1.0893		3.4200		
2013-02-28	0.9753		3.3130		
2013-02-27	1.0097		3.2920		
2013-02-26	0.8959		3.3060		
2013-02-25	0.8959		3.3060		
2013-02-24	1.6236		3.4780		
2013-02-22	0.8912		3.7210		
2013-02-21	0.9368		3.7990		
2013-02-20	1.0345		3.8530		
2013-02-19	11.402		3.8550		
2013-02-01	3.5607		2.6330		
