2014-06-03	1.0553		4.1550		4.2790		
2014-06-02	3.2024		4.1450		
2014-05-30	1.6145		4.0970		
2014-05-29	1.0537		3.7980		4.2070		
2014-05-28	1.0433		4.8570		4.2000		
2014-05-27	1.0350		4.8510		
2014-05-26	1.0255		4.8340		4.2100		
2014-05-25	2.0850		4.8410		
2014-05-23	1.0405		4.8290		4.2550		
2014-05-22	3.0862		4.8240		4.8100		
2014-05-21	1.0308		3.7550		4.9340		
2014-05-20	1.0033		4.1800		
2014-05-19	1.0382		4.2020		4.9840		
2014-05-18	2.0628		4.4520		
2014-05-16	1.0298		4.4440		5.1240		
2014-05-15	1.0368		4.4600		5.1300		
2014-05-14	1.8458		4.4650		5.2340		
2014-05-13	1.0443		4.0500		
2014-05-12	1.5189		4.0460		5.1900		
2014-05-11	2.0466		3.8170		
2014-05-09	1.0616		3.8500		5.4560		
2014-05-08	1.0453		3.8470		5.7080		
2014-05-07	1.0507		3.8520		
2014-05-06	1.0357		3.8550		
2014-05-05	1.0799		3.8340		5.8600		
2014-05-04	4.2217		3.7970		
2014-04-30	1.0557		4.0120		5.8010		
2014-04-29	0.9949		6.3830		
2014-04-28	1.0090		8.0030		6.1500		
2014-04-27	2.0395		8.0400		
2014-04-25	1.0175		8.1420		6.2660		
2014-04-24	1.5774		8.8070		6.2570		
2014-04-23	5.6029		8.5550		
2014-04-22	4.1011		6.1940		
2014-04-21	1.0800		5.0440		5.3930		
2014-04-20	2.2359		5.0560		
2014-04-18	2.2929		5.0560		5.5150		
2014-04-17	1.0930		4.4430		5.5470		
2014-04-16	1.0757		5.8670		
2014-04-15	1.8956		6.9380		
2014-04-14	1.1034		6.5610		5.5340		
2014-04-13	2.2365		6.5810		
2014-04-11	1.1157		6.6050		5.7530		
2014-04-10	3.8246		6.6170		5.8440		
2014-04-09	3.1303		5.2200		
2014-04-08	1.1714		4.1710		5.3440		
2014-04-07	3.4260		4.1860		
2014-04-04	1.1384		5.3170		5.3930		
2014-04-03	1.1440		5.3370		5.4040		
2014-04-02	1.1198		6.2230		
2014-04-01	1.2001		6.1730		
2014-03-31	3.2330		6.0360		5.5020		
2014-03-30	2.3611		4.8670		
2014-03-28	1.1772		4.6670		
2014-03-27	2.8424		4.5670		5.3180		
2014-03-26	1.0257		4.8350		5.4340		
2014-03-25	0.9362		4.8150		5.4760		
2014-03-24	0.9917		5.6610		5.5270		
2014-03-23	1.9764		5.6280		
2014-03-21	0.9867		5.7120		5.7370		
2014-03-20	3.3568		6.8130		5.7680		
2014-03-19	0.9863		6.0010		5.5210		
2014-03-18	2.5597		6.1110		5.5780		
2014-03-17	0.9273		5.7590		5.4240		
2014-03-16	2.1384		5.9240		
2014-03-14	3.0980		6.1570		5.6170		
2014-03-13	1.7990		5.2150		5.4070		
2014-03-12	1.1971		4.9590		5.4900		
2014-03-11	1.8850		5.0100		5.5310		
2014-03-10	1.2434		4.6690		
2014-03-09	2.5855		4.6890		
2014-03-07	1.2909		4.6830		
2014-03-06	1.3085		4.6780		
2014-03-05	1.2949		5.9400		
2014-03-04	1.2302		5.9690		
2014-03-03	1.2827		6.0170		
2014-03-02	2.5744		6.1000		
2014-02-28	1.2816		6.2760		5.9020		
2014-02-27	3.7284		6.3660		6.0720		
2014-02-26	1.3501		5.1830		
2014-02-25	1.3222		5.2230		
2014-02-24	1.4415		5.2500		5.8480		
2014-02-23	2.9116		5.2660		
2014-02-21	1.4556		5.3360		6.2220		
2014-02-20	1.4594		5.3670		6.2930		
2014-02-19	1.4269		5.8790		
2014-02-18	1.3733		5.9200		
2014-02-17	1.4727		5.9930		6.3380		
2014-02-16	3.0447		6.0320		
2014-02-14	1.5158		6.1080		6.4300		
2014-02-13	2.4413		6.1490		6.4100		
2014-02-12	1.5061		5.7240		
2014-02-11	1.5128		5.7870		
2014-02-10	1.5472		5.8460		6.3520		
2014-02-09	3.1902		5.8870		
2014-02-07	1.5943		5.9200		6.2690		
2014-02-06	11.384		5.9360		
2014-01-30	3.0867		8.2020		6.1670		
2014-01-29	1.4254		7.1660		
2014-01-28	1.3804		6.9930		
2014-01-27	1.2961		7.3430		6.0510		
2014-01-26	2.8732		7.2800		
2014-01-24	5.6682		7.4270		6.1410		
2014-01-23	1.1006		5.7990		5.7040		
2014-01-22	1.0933		6.0620		
2014-01-21	2.0515		6.2530		
2014-01-20	1.1741		5.8870		5.7650		
2014-01-19	3.1567		6.0500		
2014-01-17	2.5448		5.9360		5.8110		
2014-01-16	1.6052		5.4120		5.6890		
2014-01-15	1.4602		5.3680		
2014-01-14	1.3488		5.3950		
2014-01-13	1.4874		5.4500		5.7090		
2014-01-12	2.9378		5.3940		
2014-01-10	1.5407		5.4720		5.7430		
2014-01-09	1.5208		5.4570		5.7230		
2014-01-08	1.5119		5.4380		
2014-01-07	1.4538		5.4830		
2014-01-06	1.3789		5.5600		5.7230		
2014-01-05	3.0889		5.6700		
2014-01-03	1.5112		5.7720		5.6120		
2014-01-02	1.4848		5.8410		5.5880		
2014-01-01	1.5977		5.9530		
2013-12-31	1.6007		5.9650		
2013-12-30	1.5905		6.1510		5.5540		
2013-12-29	3.2852		6.1560		
2013-12-27	1.6422		6.0980		5.6030		
2013-12-26	1.7007		6.0700		5.5660		
2013-12-25	1.6197		6.0120		5.5200		
2013-12-24	1.9587		5.9650		
2013-12-23	1.5991		5.7300		5.4220		
2013-12-22	3.1735		5.6560		
2013-12-20	1.5898		5.5130		5.3060		
2013-12-19	1.5891		5.4410		5.3300		
2013-12-18	1.5298		5.7170		5.2880		
2013-12-17	1.5084		5.6370		
2013-12-16	1.4563		5.5650		5.2460		
2013-12-15	2.8988		5.5080		
2013-12-13	1.4516		5.3870		5.1290		
2013-12-12	2.1190		5.3300		5.0980		
2013-12-11	1.3762		4.9230		4.9820		
2013-12-10	1.3708		4.8930		
2013-12-09	1.3473		4.8560		4.9480		
2013-12-08	2.6661		4.8580		
2013-12-06	1.3433		4.8920		4.8230		
2013-12-05	1.3378		5.6110		5.2000		
2013-12-04	1.3177		5.6170		5.1760		
2013-12-03	1.3007		5.6270		
2013-12-02	1.3519		5.6410		5.1730		
2013-12-01	2.7299		5.6060		
2013-11-29	2.7233		5.5680		5.4010		
2013-11-28	1.3488		4.8420		5.2060		
2013-11-27	1.3377		4.8280		
2013-11-26	1.3272		5.0620		
2013-11-25	1.2843		5.0150		5.1930		
2013-11-24	2.6564		5.0030		
2013-11-22	1.3324		4.8830		5.5640		
2013-11-21	1.3204		4.8250		5.5340		
2013-11-20	1.7865		4.7520		
2013-11-19	1.2373		4.4440		
2013-11-18	1.2609		4.4070		5.5060		
2013-11-17	2.4272		4.3280		
2013-11-15	1.2218		4.1600		5.3380		
2013-11-14	1.1794		4.0840		5.3230		
2013-11-13	1.1953		4.0760		
2013-11-12	1.1676		5.7690		
2013-11-11	1.1095		5.7560		5.3820		
2013-11-10	2.1040		5.7890		
2013-11-08	1.0756		5.9260		5.2810		
2013-11-07	1.1644		5.9870		
2013-11-06	4.4435		5.9980		
2013-11-05	1.1425		5.8240		
2013-11-04	1.1715		5.7820		
2013-11-03	2.3673		5.7260		
2013-11-01	1.1922		5.5540		
2013-10-31	1.1868		5.4220		5.0870		
2013-10-30	4.1086		7.9050		
2013-10-29	1.0628		6.2890		
2013-10-28	1.0630		6.2960		4.5640		
2013-10-27	2.0380		6.3100		
2013-10-25	0.9395		6.3450		5.0320		
2013-10-24	5.9475		6.4070		5.0330		
2013-10-23	1.0102		3.8540		4.9940		
2013-10-22	1.0766		3.8840		
2013-10-21	1.0890		3.8910		
2013-10-20	2.1060		3.8930		
2013-10-18	1.0576		3.8810		5.1670		
2013-10-17	1.0513		3.8730		4.9520		
2013-10-16	1.0680		3.8850		4.9420		
2013-10-15	1.0909		3.9070		
2013-10-14	1.0931		3.9390		4.9680		
2013-10-13	2.0814		3.9670		
2013-10-11	1.0430		4.0770		6.1410		
2013-10-10	1.0744		4.1310		6.1390		
2013-10-09	1.1094		4.1690		6.1340		
2013-10-08	1.1537		4.1880		6.1150		
2013-10-07	8.0249		4.1840		
2013-09-30	1.1465		8.3010		6.5170		
2013-09-29	2.1923		8.2450		
2013-09-27	4.8830		8.1340		6.3090		
2013-09-26	1.1238		6.1040		5.8550		
2013-09-25	0.9482		6.0350		
2013-09-24	5.6264		6.0570		
2013-09-23	1.0378		3.6300		5.4030		
2013-09-22	3.9606		3.6140		
2013-09-18	0.9905		8.9420		
2013-09-17	0.9730		8.9600		
2013-09-16	1.0060		8.9950		5.4230		
2013-09-15	2.0110		8.9660		
2013-09-13	6.6852		9.0030		5.3140		
2013-09-12	5.4829		7.8370		4.6430		
2013-09-11	1.0254		5.5290		
2013-09-10	1.0397		5.5410		
2013-09-09	0.9509		5.5400		4.1420		
2013-09-08	2.0829		5.5780		
2013-09-06	4.4473		5.5610		4.1080		
2013-09-05	1.0575		3.7770		3.6970		
2013-09-04	1.0492		3.7610		
2013-09-03	1.0367		3.7570		
2013-09-02	1.0237		3.7520		3.6830		
2013-09-01	2.0514		3.6860		
2013-08-30	1.0252		3.6970		3.9930		
2013-08-29	1.0267		3.7030		3.9790		
2013-08-28	1.0416		3.7070		
2013-08-27	1.0269		3.6910		
2013-08-26	0.8967		3.6640		3.9780		
2013-08-25	2.0726		3.7140		
2013-08-23	1.0376		3.6930		4.2000		
2013-08-22	1.0344		3.6820		4.1880		
2013-08-21	1.0097		3.6720		
2013-08-20	0.9759		3.6650		
2013-08-19	0.9924		3.6700		4.2530		
2013-08-18	2.0317		3.6850		
2013-08-16	1.0166		3.6960		4.5320		
2013-08-15	1.0156		3.7030		4.5610		
2013-08-14	0.9964		3.6830		
2013-08-13	0.9853		3.6610		
2013-08-12	1.0214		3.6460		4.6520		
2013-08-11	2.0524		3.6380		
2013-08-09	1.0306		3.5630		4.9230		
2013-08-08	0.9781		5.0890		5.2240		
2013-08-07	0.9524		5.0780		
2013-08-06	0.9568		5.0540		
2013-08-05	1.0075		5.0260		5.3750		
2013-08-04	1.9075		4.9740		
2013-08-02	3.9572		5.0220		5.3850		
2013-08-01	0.9580		3.0560		5.1140		
2013-07-31	0.9050		4.5910		
2013-07-30	0.9042		4.6120		
2013-07-29	0.9065		4.6320		5.2450		
2013-07-28	2.0002		4.8060		
2013-07-26	0.1867		5.0560		5.2320		
2013-07-25	3.9012		5.6090		5.3460		
2013-07-24	0.9470		4.2280		4.9810		
2013-07-23	0.9410		5.1660		
2013-07-22	1.2412		5.3330		4.9760		
2013-07-21	2.4798		5.3240		
2013-07-19	1.2464		5.3350		4.8430		
2013-07-18	1.2531		6.2130		5.1070		
2013-07-17	2.7453		6.2100		5.0670		
2013-07-16	1.2611		5.4260		
2013-07-15	1.2241		6.6380		4.8090		
2013-07-14	2.5024		6.6390		
2013-07-12	2.9289		6.5980		
2013-07-11	1.2485		5.7020		
2013-07-10	1.2407		5.6780		
2013-07-09	3.5863		5.6090		
2013-07-08	1.2251		4.6030		4.1880		
2013-07-07	2.4237		4.4890		
2013-07-05	1.2114		4.2830		3.7000		
2013-07-04	1.2017		4.1790		3.6320		
2013-07-03	1.1094		4.1740		3.5640		
2013-07-02	1.6559		4.1840		
2013-07-01	1.0079		3.7890		3.4200		
2013-06-30	2.0277		3.5150		
2013-06-28	1.0116		3.6090		3.2560		
2013-06-27	1.1917		3.6510		3.2250		
2013-06-26	1.1298		3.3900		
2013-06-25	0.8977		4.5840		
2013-06-24	0.4818		4.5980		3.1240		
2013-06-23	2.2084		4.6430		
2013-06-21	1.0921		3.9070		3.0440		
2013-06-20	0.6913		4.9540		3.1920		
2013-06-19	3.4192		4.8300		
2013-06-18	0.9244		3.3640		
2013-06-17	0.5683		3.1980		2.8720		
2013-06-16	0.7983		3.2180		
2013-06-14	3.1003		3.4340		2.9660		
2013-06-13	0.4533		2.1310		2.6970		
2013-06-12	3.0325		2.2030		
2013-06-07	0.6019		2.3180		2.8620		
2013-06-06	0.5913		2.3460		2.8880		
2013-06-05	0.6538		2.4320		
2013-06-04	0.6417		2.5050		
2013-06-03	0.6465		2.5630		2.9540		
2013-06-02	1.3106		2.5620		
2013-05-30	0.7564		2.6950		
2013-05-29	0.7928		2.6860		
2013-05-28	0.7541		2.6720		
2013-05-27	0.6431		3.5040		3.0640		
2013-05-26	1.4816		3.5570		
2013-05-24	0.7413		3.5310		3.5350		
2013-05-23	0.7377		3.5320		3.5410		
2013-05-22	0.7657		3.5400		3.5520		
2013-05-21	2.3510		3.5600		
2013-05-20	0.7439		2.7630		3.3920		
2013-05-19	1.4316		2.8120		
2013-05-17	0.7446		2.9190		3.4260		
2013-05-16	0.7515		2.9570		3.4390		
2013-05-15	0.8041		2.9850		3.4480		
2013-05-14	0.8226		2.9770		
2013-05-13	0.8380		2.9760		3.4680		
2013-05-12	1.6364		2.9690		
2013-05-10	0.8192		2.9680		3.8730		
2013-05-09	0.8041		2.9640		4.2430		
2013-05-08	0.7899		2.9760		5.4410		
2013-05-07	0.8203		3.0270		
2013-05-06	0.8238		3.0610		
2013-05-05	1.6356		3.0930		
2013-05-03	0.8105		3.1650		5.8390		
2013-05-02	0.8281		3.2030		5.4940		
2013-05-01	4.4307		4.8770		
2013-04-26	0.8835		4.7610		5.4880		
2013-04-25	4.0395		4.7490		5.5020		
2013-04-24	0.7896		3.0660		
2013-04-23	0.8297		3.0970		
2013-04-22	0.8723		3.0940		5.2880		
2013-04-21	1.7168		3.0780		
2013-04-19	0.8593		3.1100		5.2200		
2013-04-18	0.8128		3.1260		5.3480		
2013-04-17	0.8491		4.8320		
2013-04-16	0.8234		6.4030		
2013-04-15	0.8423		5.5150		
2013-04-14	1.7779		
2013-04-12	0.8893		5.3770		
2013-04-11	4.0846		5.3920		
2013-04-10	3.8622		9.8830		
2013-04-09	10.645		8.3250		
2013-04-08	0.9453		3.2560		3.5500		
2013-04-07	3.5004		3.2750		
2013-04-03	0.8750		3.4130		
2013-04-02	0.9233		3.4990		
2013-04-01	0.9821		3.5390		3.6250		
2013-03-31	1.8573		3.5210		
2013-03-29	0.9268		3.5810		
2013-03-28	0.9811		3.6110		
2013-03-27	1.0397		3.6430		3.6010		
2013-03-26	0.9994		3.5770		3.5810		
2013-03-25	0.9478		4.0670		3.5590		
2013-03-24	1.9734		4.0320		
2013-03-22	0.9841		3.9420		3.5300		
2013-03-21	1.0430		3.8980		4.1430		
2013-03-20	0.9124		3.8210		5.1630		
2013-03-19	1.9396		3.8060		5.6360		
2013-03-18	0.8810		3.3220		5.5720		
2013-03-17	1.8006		3.3860		
2013-03-15	0.8993		3.4740		
2013-03-14	0.8945		3.5190		
2013-03-13	0.8834		3.5690		
2013-03-12	1.0125		3.6180		
2013-03-11	1.0038		3.5970		
2013-03-10	1.9682		3.5660		
2013-03-08	0.9855		3.4730		6.9450		
2013-03-07	0.9916		3.4270		6.0580		
2013-03-06	0.9766		3.3720		5.9770		
2013-03-05	0.9734		3.3240		6.0590		
2013-03-04	0.9434		3.2490		6.1140		
2013-03-03	1.7903		3.1560		
2013-03-01	0.8971		3.1020		6.2600		
2013-02-28	0.8868		5.7280		5.8730		
2013-02-27	0.8831		9.8900		
2013-02-26	0.8306		
2013-02-25	0.7646		5.6630		
2013-02-24	1.6861		
2013-02-22	5.9340		5.6090		
2013-02-21	8.8696		5.1220		
2013-02-20	4.5418		6.0050		
2013-02-19	1.4430		4.0000		
2013-02-18	2.7569		3.6110		3.7220		
2013-02-17	6.2608		2.5370		
2013-02-08	5.0397		5.0800		3.8950		
2013-02-07	0.3736		2.6870		3.4270		
2013-02-06	1.6060		3.2270		
2013-02-05	1.3955		2.5880		
2013-02-04	0.4260		2.0540		3.3660		
2013-02-03	0.9016		2.0330		
2013-02-01	0.4504		2.0190		
2013-01-31	1.4088		2.5780		3.6570		
2013-01-30	0.3801		2.2420		
2013-01-29	0.3718		3.0500		
2013-01-28	0.3857		3.7930		3.7800		
2013-01-27	0.8753		4.0760		
2013-01-25	1.5225		4.6950		4.0190		
2013-01-24	0.7651		4.4380		3.9560		
2013-01-23	1.9292		4.5680		
2013-01-22	1.7970		4.1280		
2013-01-21	0.9272		3.7250		3.7950		
2013-01-20	2.0639		3.7670		
2013-01-18	1.0296		3.7990		3.7900		
2013-01-17	1.0128		3.8130		3.7820		
2013-01-16	1.0865		3.8320		
2013-01-15	1.0231		3.8220		
2013-01-14	1.0076		3.8430		3.7690		
2013-01-13	2.1264		3.8480		
2013-01-11	1.0554		3.8130		3.7340		
2013-01-10	1.0499		3.7970		3.7180		
2013-01-09	1.0676		3.7900		
2013-01-08	1.0636		3.7730		
2013-01-07	1.0159		3.7580		3.6890		
2013-01-06	2.0609		3.7690		
2013-01-04	1.0248		3.8090		3.6430		
2013-01-03	3.1054		3.8330		
2012-12-31	1.0369		3.8540		3.6090		
2012-12-30	2.1381		3.8570		
2012-12-28	1.0699		3.7760		3.5580		
2012-12-27	1.0806		3.7860		3.5440		
2012-12-26	1.0731		3.7330		3.5260		
2012-12-25	0.9925		3.6820		
2012-12-24	1.0428		3.6640		3.5010		
2012-12-23	1.9836		3.6150		
2012-12-21	1.0890		3.6160		3.4780		
2012-12-20	0.9781		3.5660		3.4580		
2012-12-19	0.9757		3.5610		3.4497		
2012-12-18	0.9585		3.5500		
2012-12-17	0.9484		3.5280		3.4390		
2012-12-16	1.9859		3.5140		
2012-12-14	0.9915		3.4600		3.4167		
2012-12-13	0.9693		3.4350		3.4075		
2012-12-12	0.9553		3.4170		3.4010		
2012-12-11	0.9160		3.4100		
2012-12-10	0.9206		3.4250		3.3981		
2012-12-09	1.8827		3.4270		
2012-12-07	0.9441		3.4200		3.3898		
2012-12-06	0.9349		3.4150		3.3890		
2012-12-05	0.9415		3.4160		3.3878		
2012-12-04	0.9444		3.4230		
2012-12-03	0.9244		3.4180		3.3835		
2012-12-02	1.8702		3.4060		
2012-11-30	0.9346		3.4220		3.3777		
2012-11-29	0.9364		3.4300		3.3754		
2012-11-28	0.9542		3.4350		
2012-11-27	0.9348		3.4180		
2012-11-26	0.9018		3.4050		3.3574		
2012-11-25	1.9010		3.4060		
2012-11-23	0.9494		3.3720		3.3170		
2012-11-22	0.9467		3.3560		3.2740		
2012-11-21	0.9221		3.3520		
2012-11-20	0.9090		3.3490		
2012-11-19	0.9044		3.3520		3.2860		
2012-11-18	1.8350		3.3590		
2012-11-16	0.9196		3.3500		3.3920		
2012-11-15	0.9385		3.3480		3.4140		
2012-11-14	0.9162		3.3450		
2012-11-13	0.9153		3.3560		
2012-11-12	0.9165		3.3610		3.4400		
2012-11-11	1.8191		3.3640		
2012-11-09	0.9162		3.3700		3.5540		
2012-11-08	0.9314		3.3760		3.3100		
2012-11-07	0.9374		3.3680		
2012-11-06	0.9247		3.3570		
2012-11-05	0.9235		3.3570		
2012-11-04	1.8341		3.3100		
2012-11-02	0.9235		3.2430		
2012-11-01	0.9163		3.2110		
2012-10-31	0.9164		3.1860		
2012-10-30	0.9241		3.1580		
2012-10-29	0.8327		2.9810		3.7000		
2012-10-28	1.7059		3.1110		
2012-10-26	0.8631		3.3520		3.9230		
2012-10-25	0.8681		3.4690		3.9570		
2012-10-24	0.8631		3.5890		3.9910		
2012-10-23	0.5842		3.7030		
2012-10-22	1.0815		3.9770		4.0900		
2012-10-21	2.1685		3.9900		
2012-10-19	1.0872		4.0180		
2012-10-18	1.0986		4.0330		
2012-10-17	1.0815		4.0390		
2012-10-16	1.1106		4.0670		
2012-10-15	1.1060		4.0790		
2012-10-14	2.2225		4.0940		
2012-10-12	1.1145		4.1180		
2012-10-11	1.1104		4.1280		
2012-10-10	1.1353		4.1400		
2012-10-09	1.1342		4.1400		
2012-10-08	1.1342		4.1400		
2012-10-07	10.208		4.1400		
2012-09-28	1.1342		4.1690		
2012-09-27	1.1342		4.1760		
2012-09-26	1.1458		4.2740		
2012-09-25	1.1440		4.2900		
2012-09-24	1.1459		4.3130		
2012-09-23	2.2918		4.3450		
2012-09-21	1.3235		4.8310		
2012-09-20	1.3235		4.8310		
