2014-06-03	1.3214		4.8180		5.0000		
2014-06-02	3.9578		4.8190		
2014-05-30	1.3185		4.8260		5.0250		
2014-05-29	1.3192		4.8280		5.0570		
2014-05-28	1.3239		4.8320		5.0590		
2014-05-27	1.3221		4.8310		5.1290		
2014-05-26	1.3239		4.8330		5.1310		
2014-05-25	2.6475		5.0990		
2014-05-23	1.3234		5.1010		
2014-05-22	1.3254		5.1050		
2014-05-21	1.3230		5.1080		5.2030		
2014-05-20	1.3250		5.3520		5.1150		
2014-05-19	1.8342		5.3560		5.1160		
2014-05-18	2.6512		5.0960		
2014-05-16	1.3317		5.1060		5.0480		
2014-05-15	1.3314		5.2360		5.0300		
2014-05-14	1.7899		5.2380		5.0710		
2014-05-13	1.3341		5.2040		4.9890		
2014-05-12	1.3344		5.2050		5.1060		
2014-05-11	2.6704		5.2030		
2014-05-09	1.5820		5.1710		5.1270		
2014-05-08	1.3352		5.0260		5.0490		
2014-05-07	1.7244		5.0100		5.0440		
2014-05-06	1.3350		4.7900		4.9720		
2014-05-05	1.3317		4.7870		4.9720		
2014-05-04	5.2166		4.7860		
2014-04-30	1.3032		4.9650		5.0630		
2014-04-29	1.3294		4.9740		5.0650		
2014-04-28	1.3293		5.3260		
2014-04-27	2.6677		5.3200		
2014-04-25	1.3274		5.3000		5.0940		
2014-04-24	1.5649		5.2930		5.0540		
2014-04-23	1.3204		5.1570		5.0090		
2014-04-22	2.0043		5.1520		5.0060		
2014-04-21	1.3188		4.8040		5.6820		
2014-04-20	2.6291		4.8130		
2014-04-18	1.3128		4.8340		4.8940		
2014-04-17	1.3047		4.8420		4.8820		
2014-04-16	1.3106		5.0670		4.8800		
2014-04-15	1.3364		5.0680		4.8800		
2014-04-14	1.3362		5.0520		4.8760		
2014-04-13	2.6696		5.0450		
2014-04-11	1.3291		5.0320		4.8720		
2014-04-10	1.7349		5.0280		4.8620		
2014-04-09	1.3132		4.8040		4.7860		
2014-04-08	1.3063		4.8000		4.7900		
2014-04-07	3.9677		4.8020		
2014-04-04	1.3210		4.7870		4.7740		
2014-04-03	1.3039		4.7760		4.7580		
2014-04-02	1.3057		4.7690		4.7540		
2014-04-01	1.3114		4.7720		4.7500		
2014-03-31	1.3105		4.7730		4.7450		
2014-03-30	2.6280		4.7740		
2014-03-28	1.3008		4.7770		4.7360		
2014-03-27	1.2901		4.7810		4.7350		
2014-03-26	1.3110		4.7860		4.7500		
2014-03-25	1.3131		4.7990		4.7390		
2014-03-24	1.3132		4.7850		4.7290		
2014-03-23	2.6324		4.7680		
2014-03-21	1.3090		4.7340		5.2530		
2014-03-20	1.2994		4.7180		5.1170		
2014-03-19	1.3362		4.7060		5.0870		
2014-03-18	1.2866		4.6790		5.0590		
2014-03-17	1.2806		4.6780		5.0370		
2014-03-16	2.5676		4.6820		
2014-03-14	1.2772		4.6940		5.0190		
2014-03-13	1.2762		4.7060		4.9750		
2014-03-12	1.2858		4.7590		6.2800		
2014-03-11	1.2841		4.7380		8.4770		
2014-03-10	1.2878		4.7250		
2014-03-09	2.5905		6.1800		
2014-03-07	1.3005		6.0130		
2014-03-06	1.3784		5.9290		
2014-03-05	1.2462		5.7970		8.4890		
2014-03-04	1.2588		5.7610		8.4930		
2014-03-03	4.0786		5.7070		8.5180		
2014-03-02	2.2688		4.1000		
2014-02-28	1.1391		4.2150		8.4630		
2014-02-27	1.1268		4.2890		
2014-02-26	1.1755		8.2830		
2014-02-25	1.1559		
2014-02-24	0.9972		
2014-02-23	2.4889		
2014-02-21	1.2814		
2014-02-20	8.7856		
2014-02-19	13.930		6.9920		
2014-02-18	1.3198		4.7840		4.7910		
2014-02-17	1.4376		4.8280		4.7600		
2014-02-16	2.6098		4.8050		
2014-02-14	1.2979		4.8710		4.7240		
2014-02-13	1.2436		4.9030		4.6750		
2014-02-12	1.2660		4.9220		4.6780		
2014-02-11	1.4034		4.9280		4.6770		
2014-02-10	1.3949		4.8630		4.6490		
2014-02-09	2.7355		4.8030		
2014-02-07	1.3601		4.7100		4.5870		
2014-02-06	8.9517		4.6680		
2014-01-30	1.2786		4.4530		4.7760		
2014-01-29	1.2678		4.4440		4.7930		
2014-01-28	1.1413		4.4420		4.7570		
2014-01-27	1.2495		4.4940		5.1240		
2014-01-26	2.4100		4.4990		
2014-01-24	1.1932		4.5500		5.2220		
2014-01-23	1.2616		4.5730		5.1990		
2014-01-22	1.2631		4.6900		
2014-01-21	1.2408		4.7970		5.2770		
2014-01-20	1.2594		4.9290		5.3480		
2014-01-19	2.5075		5.0140		
2014-01-17	1.2374		5.2020		5.4850		
2014-01-16	1.4866		5.3010		5.5480		
2014-01-15	1.4683		5.2460		5.5410		
2014-01-14	1.4938		5.0320		5.5180		
2014-01-13	1.4228		5.9500		5.4990		
2014-01-12	2.8675		5.9190		
2014-01-10	1.4282		5.7990		5.5140		
2014-01-09	1.3797		5.7220		5.4780		
2014-01-08	1.0583		5.7990		5.4850		
2014-01-07	3.2551		6.0480		5.5460		
2014-01-06	1.3620		5.1660		5.2190		
2014-01-05	2.6385		5.2620		
2014-01-03	1.2796		5.4900		5.2110		
2014-01-02	1.5270		5.6220		5.0070		
2014-01-01	1.5358		5.5790		
2013-12-31	1.5636		5.4740		4.9190		
2013-12-30	1.5477		5.3820		4.8550		
2013-12-29	3.0741		5.2800		
2013-12-27	1.5337		5.1540		4.7070		
2013-12-26	1.4443		5.0920		4.6150		
2013-12-25	1.3338		5.0770		4.5670		
2013-12-24	1.3882		5.1180		4.5180		
2013-12-23	1.3526		5.1080		4.4800		
2013-12-22	2.8317		4.9780		
2013-12-20	1.4141		4.5300		4.4580		
2013-12-19	1.4172		4.3080		4.3720		
2013-12-18	1.4115		4.2600		4.3140		
2013-12-17	1.3690		4.1670		4.2530		
2013-12-16	1.1033		4.0750		4.1910		
2013-12-15	1.9728		4.1200		
2013-12-13	0.9882		4.3410		4.2220		
2013-12-12	1.3253		4.4460		4.1740		
2013-12-11	1.2327		4.3640		4.4230		
2013-12-10	1.1930		4.2690		4.3820		
2013-12-09	1.1886		4.2580		4.3480		
2013-12-08	2.3982		4.4800		
2013-12-06	1.1888		4.4000		4.3850		
2013-12-05	1.1674		4.3620		4.2660		
2013-12-04	1.0511		4.3180		4.2320		
2013-12-03	1.1714		4.3230		4.2220		
2013-12-02	1.6148		4.2400		4.1890		
2013-12-01	2.2453		3.8890		
2013-11-29	1.1164		3.7780		4.0590		
2013-11-28	1.0816		3.7150		4.0010		
2013-11-27	1.0614		4.5880		3.9820		
2013-11-26	1.0127		4.5540		3.9580		
2013-11-25	0.9418		4.5440		4.1340		
2013-11-24	2.0313		4.7820		
2013-11-22	0.9956		4.7500		4.2050		
2013-11-21	2.7560		4.7220		4.2100		
2013-11-20	0.9968		3.7890		3.9200		
2013-11-19	0.9939		3.7880		3.9300		
2013-11-18	1.3979		3.7830		3.9480		
2013-11-17	1.9692		3.5160		
2013-11-15	0.9418		3.5370		3.9240		
2013-11-14	0.9674		3.5670		3.9070		
2013-11-13	0.9951		3.5690		3.9220		
2013-11-12	0.9833		3.5310		3.9340		
2013-11-11	0.8862		4.0750		3.9420		
2013-11-10	2.0090		4.1750		
2013-11-08	1.0003		4.2860		4.0090		
2013-11-07	0.9710		4.3400		4.0190		
2013-11-06	0.9213		4.4030		4.0330		
2013-11-05	2.0274		4.4710		4.0500		
2013-11-04	1.0783		3.9860		3.8740		
2013-11-03	2.2211		3.9860		
2013-11-01	1.1039		3.8710		
2013-10-31	1.0918		3.8140		3.8980		
2013-10-30	1.0520		3.7950		3.9030		
2013-10-29	1.0976		3.8010		3.9130		
2013-10-28	1.0772		3.7660		
2013-10-27	2.0022		3.7680		
2013-10-25	0.9931		3.8650		
2013-10-24	1.0552		3.9040		
2013-10-23	1.0636		3.9010		
2013-10-22	1.0310		3.8800		
2013-10-21	1.0803		3.8710		3.9980		
2013-10-20	2.1886		3.9000		
2013-10-18	1.0681		3.9430		4.1600		
2013-10-17	1.0500		3.9760		4.1780		
2013-10-16	1.0224		4.0120		4.1980		
2013-10-15	1.0139		4.0580		4.2040		
2013-10-14	1.1358		4.1260		4.2280		
2013-10-13	2.2713		4.1590		
2013-10-11	1.1312		4.2270		
2013-10-10	1.1199		4.2630		
2013-10-09	1.1098		4.3050		4.2520		
2013-10-08	1.1448		4.3520		4.2390		
2013-10-07	8.4011		4.3810		
2013-09-30	1.1886		4.1760		4.0720		
2013-09-29	2.3051		4.1510		
2013-09-27	1.1464		4.1370		4.0160		
2013-09-26	1.1643		4.1340		3.9430		
2013-09-25	1.0562		4.1210		3.8890		
2013-09-24	1.1488		4.1640		3.8590		
2013-09-23	1.1400		4.1110		3.7880		
2013-09-22	4.5583		4.0680		
2013-09-18	1.1380		4.0040		3.7720		
2013-09-17	1.0470		3.9850		3.7620		
2013-09-16	1.0577		3.9290		3.7640		
2013-09-15	2.2197		3.8840		
2013-09-13	1.1059		3.7460		3.7380		
2013-09-12	1.1101		3.6750		3.6920		
2013-09-11	1.1016		3.5420		3.6850		
2013-09-10	0.9393		3.4290		3.6760		
2013-09-09	0.9716		3.3250		3.6910		
2013-09-08	1.9548		3.3220		
2013-09-06	0.9714		3.5240		3.6910		
2013-09-05	0.8542		3.6200		3.7360		
2013-09-04	0.8843		3.7700		3.7690		
2013-09-03	0.7406		3.8740		3.8100		
2013-09-02	0.9663		4.0370		3.8730		
2013-09-01	2.3406		4.0960		
2013-08-30	1.1565		3.8760		3.8550		
2013-08-29	1.1416		3.7810		3.8530		
2013-08-28	1.0836		3.7430		3.8420		
2013-08-27	1.0535		3.7260		3.8430		
2013-08-26	1.0803		3.7100		3.8570		
2013-08-25	1.9175		3.6180		
2013-08-23	0.9752		3.7500		3.9140		
2013-08-22	1.0681		3.8070		3.9880		
2013-08-21	1.0511		3.7950		4.0060		
2013-08-20	1.0219		3.8310		4.0280		
2013-08-19	0.9055		3.8720		4.0500		
2013-08-18	2.1704		3.9690		
2013-08-16	1.0834		3.9770		3.9990		
2013-08-15	1.0460		3.9730		3.9900		
2013-08-14	1.1190		3.9880		3.9920		
2013-08-13	1.1017		3.9730		3.9680		
2013-08-12	1.0918		3.9890		3.8960		
2013-08-11	2.1850		4.0360		
2013-08-09	1.0752		4.1290		3.8640		
2013-08-08	1.0754		4.1830		3.7960		
2013-08-07	1.0903		4.2360		3.7820		
2013-08-06	1.1326		4.2800		3.8250		
2013-08-05	1.1821		4.2880		3.9080		
2013-08-04	2.3628		3.9800		
2013-08-02	1.1798		3.8680		3.9390		
2013-08-01	1.1755		3.8130		3.7810		
2013-07-31	1.1750		3.7540		3.7150		
2013-07-30	1.1492		3.6520		3.6520		
2013-07-29	0.5898		3.4120		3.5760		
2013-07-28	2.1497		3.6130		
2013-07-26	1.0737		3.4730		3.5870		
2013-07-25	1.0612		3.3900		3.4910		
2013-07-24	0.9805		3.3560		3.4520		
2013-07-23	0.6883		3.5430		3.4700		
2013-07-22	0.9750		4.0250		3.5380		
2013-07-21	1.8812		4.3330		
2013-07-19	0.9154		4.1960		3.5670		
2013-07-18	0.9959		4.1390		3.6590		
2013-07-17	1.3394		4.0370		3.6980		
2013-07-16	1.6120		3.7590		
2013-07-15	1.5653		3.2910		3.5830		
2013-07-14	1.6191		2.9130		
2013-07-12	0.8055		2.9250		3.9620		
2013-07-11	0.8002		2.9450		3.9450		
2013-07-10	0.8077		2.9650		3.9210		
2013-07-09	0.7143		3.1070		3.8810		
2013-07-08	0.8399		3.2970		3.8810		
2013-07-07	1.6416		3.4170		
2013-07-05	0.8442		3.6730		
2013-07-04	0.8379		3.8930		3.9740		
2013-07-03	1.0816		4.0930		
2013-07-02	1.0776		4.1080		
2013-07-01	1.0693		4.1600		
2013-06-30	2.1344		5.2680		
2013-06-28	1.2655		4.6810		3.9440		
2013-06-27	1.2206		4.9980		3.4090		
2013-06-26	1.1114		4.7070		3.2840		
2013-06-25	1.1772		4.4260		3.1950		
2013-06-24	3.1936		4.1850		3.0940		
2013-06-23	1.0099		2.8990		
2013-06-21	1.8726		3.0100		2.7050		
2013-06-20	0.6622		3.0310		2.4260		
2013-06-19	0.5728		3.0120		2.4390		
2013-06-18	0.7148		3.0270		2.4640		
2013-06-17	0.7275		2.9690		2.4610		
2013-06-16	1.2236		2.9030		
2013-06-14	1.9111		2.8930		2.4790		
2013-06-13	0.6270		2.2000		2.2770		
2013-06-12	3.0103		2.1320		
2013-06-07	0.5815		2.0520		2.3560		
2013-06-06	0.4972		2.0470		2.5110		
2013-06-05	0.6023		2.1740		2.5470		
2013-06-04	0.5957		2.2310		2.5680		
2013-06-03	0.4842		2.2860		2.5870		
2013-06-02	1.1753		2.3960		
2013-05-30	0.7407		2.5850		2.6880		
2013-05-29	0.7125		2.5470		2.6760		
2013-05-28	0.7007		2.5450		2.6830		
2013-05-27	0.6953		2.5440		2.6890		
2013-05-26	1.4093		2.5580		
2013-05-24	0.6997		2.5830		2.7000		
2013-05-23	0.6679		2.8990		2.6720		
2013-05-22	0.7071		2.9190		
2013-05-21	0.6992		2.9290		
2013-05-20	0.7221		2.9300		
2013-05-19	1.4579		2.9090		
2013-05-17	1.3060		2.8900		4.7080		
2013-05-16	0.7054		2.5800		4.5320		
2013-05-15	0.7272		2.5630		4.4750		
2013-05-14	0.7015		2.5750		4.4720		
2013-05-13	0.6807		2.5920		4.5110		
2013-05-12	1.4209		2.5970		
2013-05-10	0.7114		2.5680		4.7120		
2013-05-09	0.6736		2.5380		4.4960		
2013-05-08	0.7511		7.1500		4.4960		
2013-05-07	0.7332		7.0990		4.4820		
2013-05-06	0.6913		7.0580		4.4790		
2013-05-05	1.3643		7.0390		
2013-05-03	0.6539		7.0100		4.6910		
2013-05-02	9.5179		8.4790		4.4880		
2013-05-01	3.2720		3.7130		
2013-04-26	3.4709		3.9280		
2013-04-25	0.3786		2.4720		
2013-04-24	0.7103		2.6250		2.5430		
2013-04-23	0.9224		2.6050		2.5980		
2013-04-22	0.6786		2.4970		2.5280		
2013-04-21	1.3725		2.5100		
2013-04-19	0.6775		2.5120		2.5410		
2013-04-18	0.6735		2.5130		2.5810		
2013-04-17	0.6713		2.4920		3.1570		
2013-04-16	0.7147		2.5120		5.0320		
2013-04-15	0.7049		2.4850		5.0100		
2013-04-14	1.3756		2.4610		
2013-04-12	0.6789		2.4530		5.2720		
2013-04-11	0.6346		2.4550		5.0040		
2013-04-10	0.7092		2.4790		5.0200		
2013-04-09	0.6616		2.6780		5.1550		
2013-04-08	0.6589		2.6020		5.1660		
2013-04-07	2.7241		2.6410		
2013-04-03	1.0910		4.5000		5.3940		
2013-04-02	0.5163		9.9070		5.3280		
2013-04-01	0.7335		9.9440		5.3700		
2013-03-31	1.5519		9.9250		
2013-03-29	0.7499		9.8250		5.8710		
2013-03-28	3.9874		9.7830		5.5650		
2013-03-27	11.460		8.0810		4.9970		
2013-03-26	0.5872		2.8810		3.1190		
2013-03-25	0.6968		2.9510		3.2850		
2013-03-24	1.3611		3.5490		
2013-03-22	0.6688		3.5940		3.3470		
2013-03-21	0.7239		3.6000		3.1630		
2013-03-20	1.4881		3.6020		3.1190		
2013-03-19	0.7206		3.1960		2.9420		
2013-03-18	1.8439		3.2160		3.3590		
2013-03-17	1.4470		3.2710		
2013-03-15	0.6804		3.2830		3.1890		
2013-03-14	0.7282		3.3120		
2013-03-13	0.7094		3.3090		3.2560		
2013-03-12	0.7584		3.2810		3.2490		
2013-03-11	1.9505		3.6870		3.2380		
2013-03-10	1.4701		2.9730		
2013-03-08	0.7350		2.7130		
2013-03-07	0.7223		2.5760		
2013-03-06	0.6554		2.4460		
2013-03-05	1.5377		2.3500		
2013-03-04	0.5817		3.1740		
2013-03-03	0.9718		3.1660		
2013-03-01	0.4714		3.2660		3.2530		
2013-02-28	0.4728		3.8700		2.9730		
2013-02-27	0.4708		4.0140		3.0090		
2013-02-26	3.1189		4.1180		3.0470		
2013-02-25	3.1189		4.1180		3.0470		
2013-02-24	1.1634		2.9180		
2013-02-22	1.6292		3.0280		2.6990		
2013-02-21	0.7499		2.5380		2.5830		
2013-02-20	0.6687		2.5050		2.5660		
2013-02-19	0.6914		2.5160		2.5620		
2013-02-18	0.6927		2.5140		2.5460		
2013-02-17	6.1926		2.5110		
2013-02-08	0.6880		2.5070		3.1170		
2013-02-07	0.6802		2.7010		3.3880		
2013-02-06	0.6907		2.6850		3.4300		
2013-02-05	0.6785		2.6630		3.4740		
2013-02-04	0.6888		2.6220		3.6000		
2013-02-03	1.3809		2.6640		
2013-02-01	1.0607		2.7350		3.7610		
2013-01-31	0.6502		2.8750		3.6730		
2013-01-30	0.6482		3.6140		3.7580		
2013-01-29	0.5995		3.7600		3.8430		
2013-01-28	0.7705		3.9290		3.9430		
2013-01-27	1.5154		4.0100		
2013-01-25	1.3295		4.2010		4.1470		
2013-01-24	2.0686		4.5870		
2013-01-23	0.9275		3.9910		
2013-01-22	0.9232		3.9990		
2013-01-21	0.9261		4.2480		4.0180		
2013-01-20	1.8827		4.2540		
2013-01-18	2.0689		4.2480		4.1590		
2013-01-17	0.9260		3.5580		4.0100		
2013-01-16	0.9422		3.6700		4.0240		
2013-01-15	1.4009		3.7710		4.0330		
2013-01-14	0.9372		3.6540		3.9610		
2013-01-13	1.8714		3.7830		
2013-01-11	0.7450		4.0160		4.0220		
2013-01-10	1.1407		4.2300		3.9430		
2013-01-09	1.1378		4.2400		3.8990		
2013-01-08	1.1748		4.2520		3.8590		
2013-01-07	1.1847		4.2440		3.8120		
2013-01-06	2.3188		4.2350		
2013-01-04	1.1555		4.2410		
2013-01-03	3.4802		4.2440		
2012-12-31	1.1677		3.9870		3.4950		
2012-12-30	2.3306		3.8750		
2012-12-28	1.1603		3.6470		3.3670		
2012-12-27	1.0014		3.3540		3.3190		
2012-12-26	0.9968		3.2950		3.3040		
2012-12-25	0.9892		3.2500		3.2890		
2012-12-24	0.9541		3.2040		3.2740		
2012-12-23	1.8928		3.1800		
2012-12-21	0.5982		3.1300		3.2470		
2012-12-20	0.8872		3.2870		3.3430		
2012-12-19	0.9112		3.2910		
2012-12-18	0.9007		3.2910		
2012-12-17	0.9093		3.2950		
2012-12-16	1.7970		3.2970		
2012-12-14	0.8982		3.3100		
2012-12-13	0.8954		3.3170		
2012-12-12	0.9109		3.3250		
2012-12-11	0.9087		3.3250		
2012-12-10	0.9137		3.3220		
2012-12-09	1.8215		3.3240		
2012-12-07	0.9113		3.3310		
2012-12-06	0.9107		3.3340		
2012-12-05	0.9114		3.4270		
2012-12-04	0.9019		3.4440		
2012-12-03	0.9174		3.4740		
2012-12-02	1.8349		3.5060		
2012-11-30	0.9174		3.6630		
2012-11-29	1.0895		3.9770		
