2014-06-03	1.1347		4.4480		4.5720		
2014-06-02	3.4407		4.4410		
2014-05-30	1.6939		4.3940		
2014-05-29	1.1382		4.0950		4.5000		
2014-05-28	1.1226		5.1530		4.4920		
2014-05-27	1.1222		5.1460		
2014-05-26	1.1058		5.1270		4.5000		
2014-05-25	2.2439		5.1350		
2014-05-23	1.1205		5.1230		4.5440		
2014-05-22	3.1667		5.1180		5.0990		
2014-05-21	1.1104		4.0490		5.2230		
2014-05-20	1.0863		4.4740		
2014-05-19	1.1193		4.4940		5.2720		
2014-05-18	2.2217		4.7440		
2014-05-16	1.1100		4.7360		5.4120		
2014-05-15	1.1175		4.7520		5.4170		
2014-05-14	1.9254		4.7560		5.5210		
2014-05-13	1.1245		4.3410		
2014-05-12	1.5990		4.3360		5.4760		
2014-05-11	2.2055		4.1070		
2014-05-09	1.1416		4.1410		5.7430		
2014-05-08	1.1241		4.1370		5.9940		
2014-05-07	1.1298		4.1430		
2014-05-06	1.1159		4.1450		
2014-05-05	1.1595		4.1220		6.1460		
2014-05-04	4.5395		4.0820		
2014-04-30	1.1351		4.2930		6.0870		
2014-04-29	1.0703		6.6630		
2014-04-28	1.0829		8.2860		6.4370		
2014-04-27	2.1984		8.3250		
2014-04-25	1.0918		8.4280		6.5550		
2014-04-24	1.6548		9.0940		6.5460		
2014-04-23	5.6808		8.8410		
2014-04-22	4.1831		6.4790		
2014-04-21	1.1578		5.3270		5.6820		
2014-04-20	2.3948		5.3400		
2014-04-18	2.3698		5.3400		5.8040		
2014-04-17	1.1689		4.7270		5.8360		
2014-04-16	1.1520		6.1530		
2014-04-15	1.9736		7.2260		
2014-04-14	1.1818		6.8500		5.8250		
2014-04-13	2.3954		6.8700		
2014-04-11	1.1943		6.8950		6.0450		
2014-04-10	3.9029		6.9090		6.1360		
2014-04-09	3.2097		5.5100		
2014-04-08	1.2526		4.4600		5.6360		
2014-04-07	3.6643		4.4750		
2014-04-04	1.2201		5.6070		5.6850		
2014-04-03	1.2205		5.6270		5.6960		
2014-04-02	1.1966		6.5140		
2014-04-01	1.2810		6.4670		
2014-03-31	3.3140		6.3300		5.7950		
2014-03-30	2.5200		5.1590		
2014-03-28	1.2587		4.9590		
2014-03-27	2.9227		4.8580		5.6120		
2014-03-26	1.1067		5.1260		5.7270		
2014-03-25	1.0167		5.1050		5.7690		
2014-03-24	1.0699		5.9520		5.8200		
2014-03-23	2.1353		5.9200		
2014-03-21	1.0661		6.0040		6.0310		
2014-03-20	3.4355		7.1060		6.0610		
2014-03-19	1.0677		6.2950		5.8140		
2014-03-18	2.6406		6.4050		5.8710		
2014-03-17	1.0074		6.0540		5.7170		
2014-03-16	2.2973		6.2200		
2014-03-14	3.1794		6.4530		5.9110		
2014-03-13	1.8811		5.5100		5.7000		
2014-03-12	1.2784		5.2540		5.7830		
2014-03-11	1.9668		5.3030		5.8230		
2014-03-10	1.3257		4.9610		
2014-03-09	2.7444		4.9820		
2014-03-07	1.3715		4.9760		
2014-03-06	1.3887		4.9720		
2014-03-05	1.3737		6.2330		
2014-03-04	1.3105		6.2620		
2014-03-03	1.3648		6.3110		
2014-03-02	2.7334		6.3920		
2014-02-28	1.3641		6.5680		6.1950		
2014-02-27	3.8077		6.6570		6.3640		
2014-02-26	1.4294		5.4750		
2014-02-25	1.4034		5.5150		
2014-02-24	1.5212		5.5410		6.1410		
2014-02-23	3.0705		5.5580		
2014-02-21	1.5354		5.6270		6.5150		
2014-02-20	1.5393		5.6580		6.5870		
2014-02-19	1.5064		6.1700		
2014-02-18	1.4544		6.2120		
2014-02-17	1.5524		6.2850		6.6320		
2014-02-16	3.2036		6.3280		
2014-02-14	1.5958		6.4040		6.7240		
2014-02-13	2.5203		6.4440		6.7060		
2014-02-12	1.5862		6.0200		
2014-02-11	1.5957		6.0820		
2014-02-10	1.6335		6.1400		6.6480		
2014-02-09	3.3491		6.1780		
2014-02-07	1.6742		6.2100		6.5650		
2014-02-06	11.940		6.2260		
2014-01-30	3.1674		8.4950		6.4660		
2014-01-29	1.5024		7.4590		
2014-01-28	1.4651		7.2880		
2014-01-27	1.3760		7.6410		6.3500		
2014-01-26	3.0321		7.5780		
2014-01-24	5.7491		7.7260		6.4380		
2014-01-23	1.1807		6.0980		6.0010		
2014-01-22	1.1731		6.3610		
2014-01-21	2.1434		6.5530		
2014-01-20	1.2555		6.1880		6.0600		
2014-01-19	3.3156		6.3520		
2014-01-17	2.6265		6.2380		6.1060		
2014-01-16	1.6857		5.7150		5.9830		
2014-01-15	1.5411		5.6710		
2014-01-14	1.4427		5.6990		
2014-01-13	1.5699		5.7540		6.0010		
2014-01-12	3.0967		5.6960		
2014-01-10	1.6236		5.7750		6.0350		
2014-01-09	1.6028		5.7590		6.0140		
2014-01-08	1.5938		5.7390		
2014-01-07	1.5475		5.7820		
2014-01-06	1.4596		5.8520		6.0100		
2014-01-05	3.2478		5.9610		
2014-01-03	1.5924		6.0640		5.8980		
2014-01-02	1.5643		6.1310		5.8730		
2014-01-01	1.6771		6.2430		
2013-12-31	1.6810		6.2540		
2013-12-30	1.6702		6.4400		5.8390		
2013-12-29	3.4441		6.4440		
2013-12-27	1.7213		6.3850		5.8870		
2013-12-26	1.7788		6.3570		5.8500		
2013-12-25	1.6984		6.2990		5.8050		
2013-12-24	2.0376		6.2520		
2013-12-23	1.6772		6.0170		5.7060		
2013-12-22	3.3324		5.9430		
2013-12-20	1.6677		5.8000		5.5910		
2013-12-19	1.6678		5.7290		5.6140		
2013-12-18	1.6081		6.0050		5.5710		
2013-12-17	1.5869		5.9240		
2013-12-16	1.5355		5.8510		5.5300		
2013-12-15	3.0577		5.7900		
2013-12-13	1.5305		5.6690		5.4110		
2013-12-12	2.1973		5.6100		5.3790		
2013-12-11	1.4522		5.2020		5.2630		
2013-12-10	1.4470		5.1710		
2013-12-09	1.4202		5.1350		5.2280		
2013-12-08	2.8250		5.1400		
2013-12-06	1.4172		5.1730		5.1020		
2013-12-05	1.4142		5.8950		5.4790		
2013-12-04	1.3941		5.9010		5.4540		
2013-12-03	1.3775		5.9120		
2013-12-02	1.4298		5.9270		5.4500		
2013-12-01	2.8888		5.8920		
2013-11-29	2.8008		5.8530		5.6780		
2013-11-28	1.4257		5.1280		5.4830		
2013-11-27	1.4153		5.1130		
2013-11-26	1.4062		5.3470		
2013-11-25	1.3622		5.2980		5.4700		
2013-11-24	2.8153		5.2860		
2013-11-22	1.4102		5.1660		5.8410		
2013-11-21	1.3971		5.1070		5.8110		
2013-11-20	1.8627		5.0310		
2013-11-19	1.3140		4.7200		
2013-11-18	1.3374		4.6820		5.7830		
2013-11-17	2.5861		4.5990		
2013-11-15	1.2974		4.4310		5.6170		
2013-11-14	1.2510		4.3510		5.6020		
2013-11-13	1.2669		4.3430		
2013-11-12	1.2400		6.0370		
2013-11-11	1.1796		6.0230		5.6620		
2013-11-10	2.2629		6.0580		
2013-11-08	1.1444		6.1950		5.5630		
2013-11-07	1.2360		6.2590		
2013-11-06	4.5144		6.2730		
2013-11-05	1.2139		6.1010		
2013-11-04	1.2459		6.0620		
2013-11-03	2.5262		6.0070		
2013-11-01	1.2672		5.8360		
2013-10-31	1.2631		5.7050		5.3740		
2013-10-30	4.1841		8.1890		
2013-10-29	1.1396		6.5750		
2013-10-28	1.1409		6.5840		4.8520		
2013-10-27	2.1969		6.5980		
2013-10-25	1.0166		6.6330		5.3200		
2013-10-24	6.0271		6.6950		5.3220		
2013-10-23	1.0881		4.1410		5.2830		
2013-10-22	1.1571		4.1720		
2013-10-21	1.1671		4.1790		
2013-10-20	2.2649		4.1800		
2013-10-18	1.1355		4.1670		5.4560		
2013-10-17	1.1300		4.1600		5.2410		
2013-10-16	1.1464		4.1710		5.2310		
2013-10-15	1.1699		4.1930		
2013-10-14	1.1701		4.2260		5.2570		
2013-10-13	2.2403		4.2560		
2013-10-11	1.1211		4.3660		6.4310		
2013-10-10	1.1511		4.4200		6.4290		
2013-10-09	1.1885		4.4590		6.4260		
2013-10-08	1.2344		4.4790		6.4070		
2013-10-07	8.5811		4.4750		
2013-09-30	1.2259		8.5910		6.8100		
2013-09-29	2.3512		8.5340		
2013-09-27	4.9607		8.4240		6.6020		
2013-09-26	1.2017		6.3950		6.1480		
2013-09-25	1.0267		6.3260		
2013-09-24	5.7093		6.3480		
2013-09-23	1.1177		3.9210		5.6960		
2013-09-22	4.2785		3.9040		
2013-09-18	1.0698		9.2330		
2013-09-17	1.0539		9.2510		
2013-09-16	1.0846		9.2890		5.7160		
2013-09-15	2.1699		9.2630		
2013-09-13	6.7661		9.3000		5.6060		
2013-09-12	5.5619		8.1340		4.9350		
2013-09-11	1.1055		5.8260		
2013-09-10	1.1265		5.8380		
2013-09-09	1.0340		5.8350		4.4320		
2013-09-08	2.2418		5.8710		
2013-09-06	4.5288		5.8550		4.3970		
2013-09-05	1.1369		4.0690		3.9850		
2013-09-04	1.1287		4.0530		
2013-09-03	1.1199		4.0490		
2013-09-02	1.1041		4.0430		3.9710		
2013-09-01	2.2103		3.9750		
2013-08-30	1.1043		3.9870		4.2800		
2013-08-29	1.1061		3.9930		4.2660		
2013-08-28	1.1210		3.9960		
2013-08-27	1.1072		3.9800		
2013-08-26	0.9754		3.9530		4.2650		
2013-08-25	2.2315		4.0040		
2013-08-23	1.1163		3.9820		4.4870		
2013-08-22	1.1131		3.9720		4.4760		
2013-08-21	1.0897		3.9620		
2013-08-20	1.0556		3.9550		
2013-08-19	1.0722		3.9590		4.5410		
2013-08-18	2.1906		3.9730		
2013-08-16	1.0956		3.9830		4.8200		
2013-08-15	1.0942		3.9900		4.8500		
2013-08-14	1.0758		3.9690		
2013-08-13	1.0641		3.9450		
2013-08-12	1.0982		3.9300		4.9410		
2013-08-11	2.2113		3.9230		
2013-08-09	1.1084		3.8480		5.2120		
2013-08-08	1.0550		5.3740		5.5140		
2013-08-07	1.0288		5.3640		
2013-08-06	1.0348		5.3390		
2013-08-05	1.0860		5.3120		5.6660		
2013-08-04	2.0664		5.2600		
2013-08-02	4.0347		5.3080		5.6760		
2013-08-01	1.0360		3.3430		5.4060		
2013-07-31	0.9822		4.8790		
2013-07-30	0.9814		4.9020		
2013-07-29	0.9863		4.9250		5.5380		
2013-07-28	2.1591		5.0990		
2013-07-26	0.2664		5.3490		5.5250		
2013-07-25	3.9806		5.9020		5.6400		
2013-07-24	1.0264		4.5220		5.2750		
2013-07-23	1.0266		5.4590		
2013-07-22	1.3202		5.6250		5.2690		
2013-07-21	2.6387		5.6160		
2013-07-19	1.3265		5.6280		5.1370		
2013-07-18	1.3329		6.5050		5.4010		
2013-07-17	2.8243		6.5020		5.3620		
2013-07-16	1.3444		5.7180		
2013-07-15	1.3038		6.9300		5.1040		
2013-07-14	2.6613		6.9310		
2013-07-12	3.0083		6.8900		
2013-07-11	1.3281		5.9940		
2013-07-10	1.3207		5.9710		
2013-07-09	3.6686		5.9030		
2013-07-08	1.3051		4.8960		4.4840		
2013-07-07	2.5826		4.7840		
2013-07-05	1.2911		4.5770		3.9950		
2013-07-04	1.2836		4.4740		3.9280		
2013-07-03	1.1905		4.4680		3.8590		
2013-07-02	1.7373		4.4780		
2013-07-01	1.0896		4.0840		3.7150		
2013-06-30	2.1866		3.8090		
2013-06-28	1.0923		3.9030		3.5500		
2013-06-27	1.2727		3.9480		3.5200		
2013-06-26	1.2095		3.6860		
2013-06-25	0.9818		4.8800		
2013-06-24	0.5620		4.8960		3.4180		
2013-06-23	2.3673		4.9410		
2013-06-21	1.1775		4.2060		3.3380		
2013-06-20	0.7717		5.2550		3.4850		
2013-06-19	3.4992		5.1310		
2013-06-18	1.0124		3.6640		
2013-06-17	0.6480		3.4940		3.1640		
2013-06-16	0.9572		3.5140		
2013-06-14	3.1888		3.7300		3.2570		
2013-06-13	0.5351		2.4240		2.9880		
2013-06-12	3.4297		2.4950		
2013-06-07	0.6839		2.6110		3.1530		
2013-06-06	0.6710		2.6380		3.1780		
2013-06-05	0.7338		2.7230		
2013-06-04	0.7236		2.7950		
2013-06-03	0.7256		2.8530		3.2430		
2013-06-02	1.4695		2.8510		
2013-05-30	0.8354		2.9850		
2013-05-29	0.8713		2.9760		
2013-05-28	0.8339		2.9620		
2013-05-27	0.7233		3.7950		3.3530		
2013-05-26	1.6405		3.8460		
2013-05-24	0.8206		3.8200		3.8250		
2013-05-23	0.8171		3.8210		3.8300		
2013-05-22	0.8442		3.8290		3.8420		
2013-05-21	2.4320		3.8500		
2013-05-20	0.8221		3.0520		3.6820		
2013-05-19	1.5905		3.1020		
2013-05-17	0.8229		3.2090		3.7170		
2013-05-16	0.8324		3.2480		3.7290		
2013-05-15	0.8829		3.2750		3.7380		
2013-05-14	0.9023		3.2660		
2013-05-13	0.9175		3.2640		3.7580		
2013-05-12	1.7953		3.2560		
2013-05-10	0.8981		3.2550		4.1620		
2013-05-09	0.8841		3.2520		4.5330		
2013-05-08	0.8668		3.2650		5.7310		
2013-05-07	0.8984		3.3170		
2013-05-06	0.9013		3.3520		
2013-05-05	1.7945		3.3850		
2013-05-03	0.8917		3.4560		6.1300		
2013-05-02	0.9090		3.4940		5.7850		
2013-05-01	4.8280		5.1680		
2013-04-26	0.9644		5.0530		5.7790		
2013-04-25	4.1186		5.0400		5.7930		
2013-04-24	0.8676		3.3570		
2013-04-23	0.9137		3.3880		
2013-04-22	0.9515		3.3820		5.5790		
2013-04-21	1.8757		3.3650		
2013-04-19	0.9383		3.3970		5.5120		
2013-04-18	0.8919		3.4130		5.6400		
2013-04-17	0.9261		5.1190		
2013-04-16	0.9017		6.6910		
2013-04-15	0.9206		5.8070		
2013-04-14	1.9368		
2013-04-12	0.9690		5.6700		
2013-04-11	4.1638		5.6850		
2013-04-10	3.9401		
2013-04-09	10.732		8.6190		
2013-04-08	1.0248		3.5460		3.8420		
2013-04-07	3.8182		3.5650		
2013-04-03	0.9545		3.7050		
2013-04-02	1.0024		3.7920		
2013-04-01	1.0619		3.8330		3.9170		
2013-03-31	2.0162		3.8160		
2013-03-29	1.0073		3.8770		
2013-03-28	1.0628		3.9070		
2013-03-27	1.1220		3.9400		3.8930		
2013-03-26	1.0816		3.8730		3.8720		
2013-03-25	1.0283		4.3630		3.8500		
2013-03-24	2.1323		4.3270		
2013-03-22	1.0651		4.2370		3.8210		
2013-03-21	1.1265		4.1920		4.4330		
2013-03-20	0.9930		4.1120		5.4540		
2013-03-19	2.0213		4.0970		5.9270		
2013-03-18	0.9597		3.6120		5.8630		
2013-03-17	1.9595		3.6760		
2013-03-15	0.9793		3.7630		
2013-03-14	0.9738		3.8080		
2013-03-13	0.9632		3.8590		
2013-03-12	1.0923		3.9080		
2013-03-11	1.0818		3.8870		
2013-03-10	2.1271		3.8570		
2013-03-08	1.0647		3.7640		7.2380		
2013-03-07	1.0720		3.7180		6.3490		
2013-03-06	1.0562		3.6620		6.2690		
2013-03-05	1.0524		3.6120		6.3510		
2013-03-04	1.0246		3.5380		6.4060		
2013-03-03	1.9492		3.4430		
2013-03-01	0.9755		3.3890		6.5520		
2013-02-28	0.9655		6.0160		6.1640		
2013-02-27	0.9595		
2013-02-26	0.9102		
2013-02-25	0.8439		5.9570		
2013-02-24	1.8450		
2013-02-22	6.0140		5.9030		
2013-02-21	8.9525		5.4180		
2013-02-20	4.6204		6.3000		
2013-02-19	1.5327		4.2960		
2013-02-18	2.8367		3.9020		4.0170		
2013-02-17	6.9758		2.8270		
2013-02-08	5.1205		5.3710		4.1910		
2013-02-07	0.4532		2.9780		3.7230		
2013-02-06	1.6861		3.5180		
2013-02-05	1.4760		2.8790		
2013-02-04	0.5052		2.3480		3.6630		
2013-02-03	1.0605		2.3280		
2013-02-01	0.5302		2.3140		
2013-01-31	1.4894		2.8740		3.9540		
2013-01-30	0.4598		2.5390		
2013-01-29	0.4575		3.3470		
2013-01-28	0.4673		4.0960		4.0770		
2013-01-27	1.0342		4.3780		
2013-01-25	1.6044		4.9980		4.3150		
2013-01-24	0.8458		4.7400		4.2520		
2013-01-23	2.0098		4.8690		
2013-01-22	1.8945		4.4290		
2013-01-21	1.0078		4.0200		4.0890		
2013-01-20	2.2228		4.0620		
2013-01-18	1.1102		4.0950		4.0850		
2013-01-17	1.0931		4.1090		4.0770		
2013-01-16	1.1663		4.1280		
2013-01-15	1.1098		4.1180		
2013-01-14	1.0886		4.1390		4.0630		
2013-01-13	2.2853		4.1440		
2013-01-11	1.1365		4.1100		4.0270		
2013-01-10	1.1298		4.0950		4.0110		
2013-01-09	1.1475		4.0870		
2013-01-08	1.1499		4.0690		
2013-01-07	1.0991		4.0510		3.9820		
2013-01-06	2.2198		4.0600		
2013-01-04	1.1065		4.1000		3.9340		
2013-01-03	3.3437		4.1220		
2012-12-31	1.1165		4.1450		3.9010		
2012-12-30	2.2966		4.1480		
2012-12-28	1.1488		4.0670		3.8500		
2012-12-27	1.1606		4.0840		3.8350		
2012-12-26	1.1524		4.0310		3.8180		
2012-12-25	1.0743		3.9790		
2012-12-24	1.1215		3.9620		3.7930		
2012-12-23	2.1421		3.9130		
2012-12-21	1.1818		3.9140		3.7700		
2012-12-20	1.0579		3.8560		3.7490		
2012-12-19	1.0543		3.8520		3.7408		
2012-12-18	1.0402		3.8410		
2012-12-17	1.0276		3.8190		3.7299		
2012-12-16	2.1443		3.8040		
2012-12-14	1.0712		3.7500		3.7072		
2012-12-13	1.0490		3.7250		3.6977		
2012-12-12	1.0335		3.7060		3.6910		
2012-12-11	0.9982		3.6980		
2012-12-10	0.9988		3.7130		3.6877		
2012-12-09	2.0411		3.7160		
2012-12-07	1.0222		3.7090		3.6790		
2012-12-06	1.0134		3.7050		3.6781		
2012-12-05	1.0191		3.7060		3.6766		
2012-12-04	1.0268		3.7130		
2012-12-03	1.0035		3.7080		3.6719		
2012-12-02	2.0286		3.6960		
2012-11-30	1.0141		3.7120		3.6655		
2012-11-29	1.0149		3.7200		3.6627		
2012-11-28	1.0322		3.7250		
2012-11-27	1.0176		3.7150		
2012-11-26	0.9807		3.7000		3.6438		
2012-11-25	2.0594		3.7010		
2012-11-23	1.0292		3.6670		3.6020		
2012-11-22	1.0246		3.6500		3.5730		
2012-11-21	1.0124		3.6460		
2012-11-20	0.9892		3.6360		
2012-11-19	0.9830		3.6380		3.5840		
2012-11-18	1.9935		3.6440		
2012-11-16	0.9980		3.6360		3.6890		
2012-11-15	1.0158		3.6330		3.7110		
2012-11-14	0.9930		3.6290		
2012-11-13	0.9943		3.6410		
2012-11-12	0.9941		3.6440		3.7380		
2012-11-11	1.9776		3.6480		
2012-11-09	0.9921		3.6600		3.8510		
2012-11-08	1.0089		3.6600		3.8770		
2012-11-07	1.0148		3.6510		
2012-11-06	1.0016		3.6400		
2012-11-05	1.0007		3.6400		
2012-11-04	1.9926		3.5910		
2012-11-02	0.9999		3.5250		
2012-11-01	0.9929		3.4920		
2012-10-31	0.9937		3.4670		
2012-10-30	1.0009		3.4390		
2012-10-29	0.9078		3.3220		4.0040		
2012-10-28	1.8644		3.4530		
2012-10-26	0.9379		3.6940		4.2230		
2012-10-25	0.9439		3.8130		4.2580		
2012-10-24	0.9395		3.9340		4.2920		
2012-10-23	0.7769		4.0490		
2012-10-22	1.1595		4.2640		4.3780		
2012-10-21	2.3270		4.2760		
2012-10-19	1.1651		4.3040		
2012-10-18	1.1767		4.3190		
2012-10-17	1.1595		4.3250		
2012-10-16	1.1888		4.3540		
2012-10-15	1.1841		4.3660		
2012-10-14	2.3810		4.3820		
2012-10-12	1.1925		4.4060		
2012-10-11	1.1883		4.4170		
2012-10-10	1.2146		4.4300		
2012-10-09	1.2135		4.4290		
2012-10-08	1.2135		4.4290		
2012-10-07	10.921		4.4290		
2012-09-28	1.2135		4.4590		
2012-09-27	1.2135		4.4650		
2012-09-26	1.2251		4.5220		
2012-09-25	1.2232		4.5310		
2012-09-24	1.2252		4.5440		
2012-09-23	2.4503		4.5620		
2012-09-21	1.3235		4.8310		
2012-09-20	1.3235		4.8310		
