2014-06-03	1.4001		5.1070		5.2890		
2014-06-02	4.1961		5.1070		
2014-05-30	1.3978		5.1140		5.3140		
2014-05-29	1.3973		5.1160		5.3450		
2014-05-28	1.4022		5.1200		5.3490		
2014-05-27	1.4012		5.1190		5.4190		
2014-05-26	1.4030		5.1210		5.4200		
2014-05-25	2.8064		5.3870		
2014-05-23	1.4023		5.3890		
2014-05-22	1.4039		5.3930		
2014-05-21	1.4011		5.3970		5.4930		
2014-05-20	1.4038		5.6410		5.4050		
2014-05-19	1.9130		5.6460		5.4060		
2014-05-18	2.8101		5.3860		
2014-05-16	1.4116		5.3960		5.3390		
2014-05-15	1.4109		5.5270		5.3220		
2014-05-14	1.8688		5.5300		5.3620		
2014-05-13	1.4140		5.4960		5.2810		
2014-05-12	1.4138		5.4940		5.3970		
2014-05-11	2.8293		5.4930		6.0760		
2014-05-09	1.6621		5.4610		5.4190		
2014-05-08	1.4166		5.3160		5.3410		
2014-05-07	1.8037		5.2980		5.3360		
2014-05-06	1.4116		5.0790		5.2640		
2014-05-05	1.4118		5.0770		5.2650		
2014-05-04	5.5344		5.0770		
2014-04-30	1.3829		5.2590		5.3570		
2014-04-29	1.4085		5.2680		5.3590		
2014-04-28	1.4112		5.6200		
2014-04-27	2.8266		5.6140		
2014-04-25	1.4120		5.5940		5.3890		
2014-04-24	1.6443		5.5840		5.3490		
2014-04-23	1.3999		5.4500		5.3040		
2014-04-22	2.0839		5.4450		5.3010		
2014-04-21	1.4001		5.0970		5.1810		
2014-04-20	2.7880		5.1060		
2014-04-18	1.3931		5.1270		5.1890		
2014-04-17	1.3868		5.1370		5.1790		
2014-04-16	1.3910		5.3610		5.1780		
2014-04-15	1.4166		5.3630		5.1790		
2014-04-14	1.4165		5.3510		5.1750		
2014-04-13	2.8286		5.3430		
2014-04-11	1.4129		5.3310		5.1720		
2014-04-10	1.8156		5.3240		5.1610		
2014-04-09	1.3957		5.1010		5.0860		
2014-04-08	1.3928		5.0960		5.0910		
2014-04-07	4.2061		5.0950		
2014-04-04	1.4010		5.0810		5.0780		
2014-04-03	1.3871		5.0750		5.0620		
2014-04-02	1.3858		5.0710		5.0560		
2014-04-01	1.3915		5.0770		5.0530		
2014-03-31	1.3918		5.0790		5.0480		
2014-03-30	2.7869		5.0790		
2014-03-28	1.3894		5.0810		5.0390		
2014-03-27	1.3800		5.0840		5.0340		
2014-03-26	1.3964		5.0860		5.0480		
2014-03-25	1.3954		5.0990		5.0350		
2014-03-24	1.3927		5.0890		5.0240		
2014-03-23	2.7913		5.0770		
2014-03-21	1.3939		5.0430		5.5480		
2014-03-20	1.3844		5.0270		5.4100		
2014-03-19	1.4219		5.0120		5.3770		
2014-03-18	1.3752		4.9820		5.3470		
2014-03-17	1.3703		4.9760		5.3200		
2014-03-16	2.7265		4.9740		
2014-03-14	1.3618		4.9860		5.2950		
2014-03-13	1.3557		4.9930		5.2450		
2014-03-12	1.3657		5.0450		6.5500		
2014-03-11	1.3632		5.0220		8.7470		
2014-03-10	1.3662		5.0070		
2014-03-09	2.7494		6.4620		
2014-03-07	1.3755		6.2950		
2014-03-06	1.4556		6.2090		
2014-03-05	1.3220		6.0750		8.7630		
2014-03-04	1.3335		6.0360		8.7670		
2014-03-03	4.1578		5.9770		8.7920		
2014-03-02	2.4277		4.3560		
2014-02-28	1.2109		4.4710		8.7360		
2014-02-27	1.1986		4.5320		
2014-02-26	1.2464		8.5290		
2014-02-25	1.2206		
2014-02-24	1.0500		
2014-02-23	2.6478		
2014-02-21	1.3276		
2014-02-20	8.8652		
2014-02-19	14.009		7.2840		
2014-02-18	1.4042		5.0810		5.0820		
2014-02-17	1.5213		5.1210		5.0500		
2014-02-16	2.7687		5.0960		
2014-02-14	1.3815		5.1610		5.0110		
2014-02-13	1.3228		5.1910		4.9610		
2014-02-12	1.3454		5.2100		4.9650		
2014-02-11	1.4807		5.2170		4.9640		
2014-02-10	1.4734		5.1530		4.9360		
2014-02-09	2.8944		5.0930		
2014-02-07	1.4396		5.0000		4.8740		
2014-02-06	9.5078		4.9580		
2014-01-30	1.3582		4.7340		5.0630		
2014-01-29	1.3425		4.7270		5.0810		
2014-01-28	1.2176		4.7270		5.0450		
2014-01-27	1.3193		4.7800		5.4130		
2014-01-26	2.5689		4.7900		
2014-01-24	1.2732		4.8400		5.5130		
2014-01-23	1.3436		4.8630		5.4890		
2014-01-22	1.3425		4.9790		
2014-01-21	1.3191		5.0860		5.5670		
2014-01-20	1.3383		5.2190		5.6390		
2014-01-19	2.6664		5.3040		
2014-01-17	1.3168		5.4920		5.7760		
2014-01-16	1.5660		5.5910		5.8400		
2014-01-15	1.5482		5.5360		5.8330		
2014-01-14	1.5729		5.3220		5.8100		
2014-01-13	1.5016		6.2400		5.7930		
2014-01-12	3.0264		6.2090		
2014-01-10	1.5083		6.0900		5.8080		
2014-01-09	1.4594		6.0130		5.7720		
2014-01-08	1.1388		6.0910		5.7780		
2014-01-07	3.3333		6.3390		5.8400		
2014-01-06	1.4417		5.4580		5.5140		
2014-01-05	2.7974		5.5560		
2014-01-03	1.3617		5.7830		5.5070		
2014-01-02	1.6081		5.9140		5.3030		
2014-01-01	1.6152		5.8740		
2013-12-31	1.6433		5.7690		5.2150		
2013-12-30	1.6291		5.6790		5.1510		
2013-12-29	3.2330		5.5770		
2013-12-27	1.6137		5.4500		5.0030		
2013-12-26	1.5301		5.3880		4.9110		
2013-12-25	1.4141		5.3710		4.8620		
2013-12-24	1.4718		5.4140		4.8120		
2013-12-23	1.4325		5.4040		4.7730		
2013-12-22	2.9906		5.2740		
2013-12-20	1.4940		4.8260		4.7520		
2013-12-19	1.4974		4.6060		4.6660		
2013-12-18	1.4958		4.5570		4.6070		
2013-12-17	1.4536		4.4630		4.5460		
2013-12-16	1.1832		4.3700		4.4840		
2013-12-15	2.1317		4.4150		
2013-12-13	1.0720		4.6370		4.5150		
2013-12-12	1.4038		4.7390		4.4670		
2013-12-11	1.3158		4.6570		4.7160		
2013-12-10	1.2737		4.5600		4.6740		
2013-12-09	1.2702		4.5470		5.0840		
2013-12-08	2.5571		4.7680		
2013-12-06	1.2685		4.6890		4.6760		
2013-12-05	1.2460		4.6520		4.5580		
2013-12-04	1.1301		4.6080		4.5230		
2013-12-03	1.2479		4.6140		4.5140		
2013-12-02	1.6950		4.5340		4.4810		
2013-12-01	2.4042		4.1830		
2013-11-29	1.1981		4.0720		4.3530		
2013-11-28	1.1621		4.0090		4.2950		
2013-11-27	1.1413		4.8820		4.2760		
2013-11-26	1.0956		4.8480		4.2520		
2013-11-25	1.0216		4.8360		4.4280		
2013-11-24	2.1902		5.0740		
2013-11-22	1.0776		5.0420		4.4990		
2013-11-21	2.8372		5.0130		4.5030		
2013-11-20	1.0762		4.0790		4.2140		
2013-11-19	1.0724		4.0790		4.2230		
2013-11-18	1.4776		4.0740		4.2410		
2013-11-17	2.1281		3.8110		
2013-11-15	1.0225		3.8320		4.2180		
2013-11-14	1.0467		3.8620		4.2000		
2013-11-13	1.0745		3.8650		4.2150		
2013-11-12	1.0628		3.8290		4.2280		
2013-11-11	0.9744		4.3730		4.2360		
2013-11-10	2.1679		4.4690		
2013-11-08	1.0806		4.5790		4.3000		
2013-11-07	1.0527		4.6340		4.3130		
2013-11-06	1.0040		4.6960		4.3270		
2013-11-05	2.1064		4.7620		4.3460		
2013-11-04	1.1586		4.2780		4.1700		
2013-11-03	2.3800		4.2770		
2013-11-01	1.1862		4.1630		
2013-10-31	1.1709		4.1040		4.1930		
2013-10-30	1.1299		4.0850		4.1980		
2013-10-29	1.1791		4.0930		4.2100		
2013-10-28	1.1572		4.0570		
2013-10-27	2.1611		4.0560		
2013-10-25	1.0725		4.1530		
2013-10-24	1.1344		4.2000		
2013-10-23	1.1448		4.2010		
2013-10-22	1.1102		4.1850		
2013-10-21	1.1558		4.1760		4.2980		
2013-10-20	2.3475		4.2070		
2013-10-18	1.1625		4.2500		4.4590		
2013-10-17	1.1360		4.2750		4.4740		
2013-10-16	1.1134		4.3080		4.4930		
2013-10-15	1.0927		4.3510		4.4960		
2013-10-14	1.2157		4.4200		4.5210		
2013-10-13	2.4302		4.4530		
2013-10-11	1.2106		4.5210		
2013-10-10	1.2001		4.5570		
2013-10-09	1.1956		4.5980		4.5460		
2013-10-08	1.2244		4.6420		4.5320		
2013-10-07	8.9572		4.6710		
2013-09-30	1.2752		4.4730		4.3630		
2013-09-29	2.4640		4.4440		
2013-09-27	1.2250		4.4300		4.3050		
2013-09-26	1.2449		4.4270		4.2310		
2013-09-25	1.1333		4.4130		4.1760		
2013-09-24	1.2350		4.4580		4.1440		
2013-09-23	1.2198		4.4010		4.0700		
2013-09-22	4.8761		4.3580		
2013-09-18	1.2186		4.2920		4.0520		
2013-09-17	1.1256		4.2720		4.0420		
2013-09-16	1.1368		4.2170		4.0440		
2013-09-15	2.3786		4.1670		
2013-09-13	1.1830		4.0290		4.0160		
2013-09-12	1.1884		3.9580		3.9720		
2013-09-11	1.1811		3.8210		3.9650		
2013-09-10	1.0195		3.7010		3.9550		
2013-09-09	1.0415		3.5920		3.9690		
2013-09-08	2.1137		3.5910		
2013-09-06	1.0474		3.7920		3.9690		
2013-09-05	0.9256		3.8910		4.0150		
2013-09-04	0.9507		4.0410		4.0490		
2013-09-03	0.8097		4.1520		4.0920		
2013-09-02	1.0394		4.3220		4.1570		
2013-09-01	2.4995		4.3830		
2013-08-30	1.2366		4.1620		4.1400		
2013-08-29	1.2145		4.0670		4.1390		
2013-08-28	1.1638		4.0310		4.1290		
2013-08-27	1.1358		4.0110		4.1290		
2013-08-26	1.1556		3.9920		4.1410		
2013-08-25	2.0764		3.9010		
2013-08-23	1.0531		4.0330		4.1990		
2013-08-22	1.1467		4.0870		4.2730		
2013-08-21	1.1238		4.0750		4.2920		
2013-08-20	1.0999		4.1140		4.3150		
2013-08-19	0.9814		4.1560		4.3380		
2013-08-18	2.3293		4.2560		
2013-08-16	1.1562		4.2630		4.2870		
2013-08-15	1.1252		4.2640		4.2800		
2013-08-14	1.1978		4.2790		4.2820		
2013-08-13	1.1809		4.2610		4.2580		
2013-08-12	1.1723		4.2740		4.1870		
2013-08-11	2.3439		4.3220		
2013-08-09	1.1571		4.4150		4.1540		
2013-08-08	1.1550		4.4690		4.0880		
2013-08-07	1.1633		4.5220		4.0740		
2013-08-06	1.2055		4.5700		4.1200		
2013-08-05	1.2642		4.5830		4.2040		
2013-08-04	2.5217		4.2730		
2013-08-02	1.2602		4.1620		4.2350		
2013-08-01	1.2574		4.1060		4.0760		
2013-07-31	1.2546		4.0460		4.0110		
2013-07-30	1.2307		3.9440		3.9470		
2013-07-29	0.6706		3.7040		3.8710		
2013-07-28	2.3086		3.9020		
2013-07-26	1.1534		3.7620		3.8830		
2013-07-25	1.1414		3.6890		3.7860		
2013-07-24	1.0600		3.6550		3.7480		
2013-07-23	0.7690		3.8460		3.7650		
2013-07-22	0.9750		4.3260		3.8330		
2013-07-21	2.0401		4.6350		
2013-07-19	1.0135		4.4980		3.8630		
2013-07-18	1.0762		4.4320		3.9540		
2013-07-17	1.4253		4.3300		3.9940		
2013-07-16	1.6905		4.0510		
2013-07-15	1.6437		3.5840		3.8780		
2013-07-14	1.7780		3.2060		
2013-07-12	0.8868		3.2180		4.2580		
2013-07-11	0.8805		3.2370		4.2410		
2013-07-10	0.8902		3.2570		4.2170		
2013-07-09	0.7945		3.3980		4.1760		
2013-07-08	0.9193		3.5880		4.1760		
2013-07-07	1.8005		3.7080		
2013-07-05	0.9238		3.9650		
2013-07-04	0.9174		4.1930		4.2680		
2013-07-03	1.1613		4.3950		
2013-07-02	1.1585		4.4110		
2013-07-01	1.1502		4.4620		
2013-06-30	2.2933		5.5690		
2013-06-28	1.3606		4.9830		4.2390		
2013-06-27	1.3056		5.2910		3.7010		
2013-06-26	1.1907		4.9980		3.5750		
2013-06-25	1.2576		4.7190		3.4860		
2013-06-24	3.2731		4.4770		3.3850		
2013-06-23	1.1688		3.1900		
2013-06-21	1.9521		3.3010		2.9960		
2013-06-20	0.7430		3.3190		2.7170		
2013-06-19	0.6552		3.3010		2.7310		
2013-06-18	0.7943		3.3140		2.7550		
2013-06-17	0.8036		3.2560		2.7520		
2013-06-16	1.3825		3.1920		
2013-06-14	1.9872		3.1820		2.7710		
2013-06-13	0.7073		2.4930		2.5700		
2013-06-12	3.4076		2.4250		
2013-06-07	0.6661		2.3460		2.6480		
2013-06-06	0.5769		2.3400		2.8030		
2013-06-05	0.6817		2.4670		2.8390		
2013-06-04	0.6749		2.5240		2.8610		
2013-06-03	0.5646		2.5790		2.8790		
2013-06-02	1.3342		2.6890		
2013-05-30	0.8209		2.8760		2.9790		
2013-05-29	0.7916		2.8380		2.9660		
2013-05-28	0.7804		2.8350		2.9730		
2013-05-27	0.7749		2.8350		2.9780		
2013-05-26	1.5682		2.8490		
2013-05-24	0.7799		2.8740		2.9900		
2013-05-23	0.7474		3.1940		2.9620		
2013-05-22	0.7871		3.2130		
2013-05-21	0.7789		3.2220		
2013-05-20	0.8022		3.2240		
2013-05-19	1.6168		3.2010		
2013-05-17	1.3936		3.1820		4.9980		
2013-05-16	0.7842		2.8650		4.8230		
2013-05-15	0.8037		2.8470		4.7660		
2013-05-14	0.7817		2.8610		4.7640		
2013-05-13	0.7594		2.8770		4.8030		
2013-05-12	1.5798		2.8820		
2013-05-10	0.7863		2.8530		5.0050		
2013-05-09	0.7500		2.8270		4.7900		
2013-05-08	0.8298		7.4400		4.7900		
2013-05-07	0.8119		7.3900		4.7760		
2013-05-06	0.7697		7.3490		4.7730		
2013-05-05	1.5232		7.3310		
2013-05-03	0.7366		7.3020		4.9860		
2013-05-02	9.5976		8.7760		4.7810		
2013-05-01	3.6692		4.0100		
2013-04-26	3.5637		4.2290		
2013-04-25	0.4584		2.7660		
2013-04-24	0.7899		2.9190		2.8380		
2013-04-23	1.0092		2.8990		2.8920		
2013-04-22	0.7582		2.7860		2.8200		
2013-04-21	1.5314		2.8000		
2013-04-19	0.7573		2.8020		2.8330		
2013-04-18	0.7530		2.8020		2.8740		
2013-04-17	0.7499		2.7820		3.4510		
2013-04-16	0.7940		2.8020		5.3300		
2013-04-15	0.7851		2.7820		5.3150		
2013-04-14	1.5345		2.7580		
2013-04-12	0.7578		2.7510		
2013-04-11	0.7147		2.7520		5.3100		
2013-04-10	0.7883		2.7760		5.3250		
2013-04-09	0.7551		2.9750		5.4610		
2013-04-08	0.7386		2.8900		5.4690		
2013-04-07	3.0419		2.9290		
2013-04-03	1.1706		4.7950		5.6990		
2013-04-02	0.5922		5.6330		
2013-04-01	0.8128		5.6760		
2013-03-31	1.7108		
2013-03-29	0.8351		6.1790		
2013-03-28	4.0753		5.8700		
2013-03-27	11.556		8.4040		5.3000		
2013-03-26	0.7114		3.1960		3.4180		
2013-03-25	0.7770		3.2430		3.5710		
2013-03-24	1.5200		3.8410		
2013-03-22	0.7493		3.8860		3.6320		
2013-03-21	0.8038		3.8960		3.4480		
2013-03-20	1.5684		3.8980		3.4050		
2013-03-19	0.8003		3.4920		3.2280		
2013-03-18	1.9245		3.5120		3.6450		
2013-03-17	1.6059		3.5680		
2013-03-15	0.7693		3.5800		3.4750		
2013-03-14	0.8078		3.6020		
2013-03-13	0.7897		3.5970		3.5460		
2013-03-12	0.8390		3.5650		3.5380		
2013-03-11	2.0304		3.9570		3.5270		
2013-03-10	1.6291		3.2420		
2013-03-08	0.8122		2.9830		
2013-03-07	0.7984		2.8460		
2013-03-06	0.7288		2.7180		
2013-03-05	1.5895		2.6260		
2013-03-04	0.6602		3.4660		
2013-03-03	1.1307		3.4590		
2013-03-01	0.5508		3.5590		3.5530		
2013-02-28	0.5528		4.1770		3.2690		
2013-02-27	0.5521		4.3210		3.3050		
2013-02-26	3.2004		4.4230		3.3430		
2013-02-25	3.2004		4.4230		3.3430		
2013-02-24	1.3223		3.2220		
2013-02-22	1.7358		3.3330		2.9940		
2013-02-21	0.8300		2.8280		2.8800		
2013-02-20	0.7476		2.7950		2.8630		
2013-02-19	0.7714		2.8060		2.8600		
2013-02-18	0.7721		2.8040		2.8440		
2013-02-17	6.9077		2.8010		
2013-02-08	0.7675		2.7960		3.4150		
2013-02-07	0.7596		3.0120		3.6850		
2013-02-06	0.7698		2.9960		3.7280		
2013-02-05	0.7595		2.9750		3.7720		
2013-02-04	0.7666		2.9330		3.8970		
2013-02-03	1.5398		2.9760		
2013-02-01	1.1810		3.0460		4.0590		
2013-01-31	0.7298		3.1650		3.9760		
2013-01-30	0.7283		3.9050		4.0610		
2013-01-29	0.6789		4.0500		4.1460		
2013-01-28	0.8502		4.2190		4.2460		
2013-01-27	1.6743		4.3000		
2013-01-25	1.4090		4.4920		4.4510		
2013-01-24	2.1482		4.8780		
2013-01-23	1.0069		4.2820		
2013-01-22	1.0033		4.2900		
2013-01-21	1.0057		4.5390		4.3220		
2013-01-20	2.0416		4.5440		
2013-01-18	2.1489		4.5390		4.4630		
2013-01-17	1.0056		3.8840		4.3130		
2013-01-16	1.0228		3.9960		4.3260		
2013-01-15	1.4803		4.0970		4.3350		
2013-01-14	1.0162		3.9790		4.2630		
2013-01-13	2.0304		4.1090		
2013-01-11	0.8934		4.3420		4.0220		
2013-01-10	1.2200		4.5200		4.2600		
2013-01-09	1.2170		4.5300		4.2160		
2013-01-08	1.2540		4.5420		4.1770		
2013-01-07	1.2653		4.5350		4.1290		
2013-01-06	2.4777		4.5250		
2013-01-04	1.2350		4.5310		
2013-01-03	3.7185		4.5340		
2012-12-31	1.2474		4.2760		3.8120		
2012-12-30	2.4891		4.1650		
2012-12-28	1.2397		3.9360		3.6860		
2012-12-27	1.0806		3.7260		3.6360		
2012-12-26	1.0766		3.6670		3.6200		
2012-12-25	1.0682		3.6220		3.6050		
2012-12-24	1.0331		3.5760		3.5900		
2012-12-23	2.0512		3.5520		
2012-12-21	0.8366		3.5020		3.5670		
2012-12-20	0.9663		3.5760		3.6180		
2012-12-19	0.9904		3.5800		
2012-12-18	0.9797		3.5800		
2012-12-17	0.9884		3.5840		
2012-12-16	1.9555		3.5860		
2012-12-14	0.9771		3.5990		
2012-12-13	0.9745		3.6060		
2012-12-12	0.9898		3.6140		
2012-12-11	0.9878		3.6140		
2012-12-10	0.9928		3.6100		
2012-12-09	1.9799		3.6120		
2012-12-07	0.9902		3.6190		
2012-12-06	0.9896		3.6220		
2012-12-05	0.9900		3.6750		
2012-12-04	0.9808		3.6850		
2012-12-03	0.9967		3.7060		
2012-12-02	1.9934		3.7230		
2012-11-30	0.9967		3.8070		
2012-11-29	1.0895		3.9770		
