2014-06-03	1.1396		6.5700		5.8010		
2014-06-02	3.4588		6.5920		5.7950		
2014-05-30	1.1527		5.7960		
2014-05-29	4.9434		5.7900		
2014-05-28	1.9059		5.5540		
2014-05-27	1.1816		5.5030		
2014-05-26	8.6189		5.4900		
2014-05-25	2.3939		6.4630		5.0400		
2014-05-23	5.3645		6.4120		5.9570		
2014-05-22	1.1750		4.5350		5.7300		
2014-05-21	1.1677		4.5220		5.7580		
2014-05-20	1.1549		4.7520		5.7860		
2014-05-19	1.1386		4.5600		5.8140		
2014-05-18	2.2964		6.5310		5.8470		
2014-05-16	1.7653		6.4710		5.9170		
2014-05-15	1.1497		6.7510		5.9170		
2014-05-14	1.6085		8.5590		5.9540		
2014-05-13	0.7875		9.4900		5.9630		
2014-05-12	4.9177		9.9170		6.0220		
2014-05-11	2.1818		7.9330		
2014-05-09	2.3013		7.7930		5.9120		
2014-05-08	4.6185		7.0920		5.8800		
2014-05-07	3.3940		5.1830		5.7080		
2014-05-06	1.6056		3.9120		5.6120		
2014-05-05	1.1131		3.6110		5.6240		
2014-05-04	3.8266		3.6080		
2014-04-30	0.9565		3.9340		5.8720		
2014-04-29	1.0297		4.0390		5.9240		
2014-04-28	1.1065		4.0950		5.9710		
2014-04-27	2.2296		4.1170		6.0080		
2014-04-25	1.1130		4.1570		6.0840		
2014-04-24	1.1098		4.5040		6.0530		
2014-04-23	1.1575		4.5190		6.0910		
2014-04-22	1.1368		4.4900		6.1270		
2014-04-21	1.1483		4.4560		6.0730		
2014-04-20	2.3069		4.4140		6.1080		
2014-04-18	1.7778		4.3140		6.1830		
2014-04-17	1.1387		3.9380		6.1820		
2014-04-16	1.1024		3.8870		6.2200		
2014-04-15	1.0707		3.8850		6.2610		
2014-04-14	1.0680		3.8980		6.3030		
2014-04-13	2.1150		3.8870		6.3440		
2014-04-11	1.0570		3.8750		6.4260		
2014-04-10	1.0407		3.8690		6.4670		
2014-04-09	1.0999		3.8590		6.5070		
2014-04-08	1.0959		3.8250		6.5440		
2014-04-07	3.1386		3.9930		6.5820		
2014-04-04	1.0442		4.0190		6.7090		
2014-04-03	1.0230		3.9780		6.7520		
2014-04-02	1.0347		4.0810		6.7960		
2014-04-01	1.4171		7.7480		6.8390		
2014-03-31	1.0443		6.8590		
2014-03-30	2.1447		7.1220		
2014-03-28	0.9655		7.1950		
2014-03-27	1.2201		7.2390		
2014-03-26	8.0673		7.2680		
2014-03-25	9.4020		6.8810		
2014-03-24	1.6256		6.0700		6.4100		
2014-03-23	3.2609		6.1380		
2014-03-21	1.6251		6.2740		6.4130		
2014-03-20	1.6756		6.3440		6.4200		
2014-03-19	1.7074		6.3800		6.4280		
2014-03-18	1.7473		6.4060		6.4350		
2014-03-17	1.7545		6.4200		6.4380		
2014-03-16	3.5216		6.4310		6.6610		
2014-03-14	1.7602		6.4780		6.6490		
2014-03-13	1.7441		6.5010		6.6430		
2014-03-12	1.7582		6.5300		6.6390		
2014-03-11	1.7739		6.5510		6.6340		
2014-03-10	1.7759		6.5640		6.6280		
2014-03-09	3.6107		6.5770		6.6150		
2014-03-07	1.8047		6.5900		6.5880		
2014-03-06	1.8000		6.5890		6.5750		
2014-03-05	1.7984		6.5420		
2014-03-04	1.7993		6.5070		6.5490		
2014-03-03	1.8001		6.4780		6.5360		
2014-03-02	3.6362		5.8560		6.5220		
2014-02-28	1.8017		5.7770		6.4990		
2014-02-27	1.7114		4.9690		6.4910		
2014-02-26	1.7307		4.9750		6.4890		
2014-02-25	1.7431		4.9920		6.4850		
2014-02-24	0.6080		5.0050		6.4810		
2014-02-23	3.4838		5.6110		6.5420		
2014-02-21	0.2517		5.6360		6.5920		
2014-02-20	1.7237		6.4260		6.6110		
2014-02-19	1.7640		6.4370		6.5350		
2014-02-18	1.7681		6.4220		6.4570		
2014-02-17	1.7691		6.4010		6.3770		
2014-02-16	3.5328		6.3770		6.2980		
2014-02-14	1.7659		6.3170		6.5510		
2014-02-13	1.7452		6.2870		6.5000		
2014-02-12	1.7350		6.2870		6.4500		
2014-02-11	1.7283		6.2920		
2014-02-10	1.7218		6.3010		6.3520		
2014-02-09	3.4186		6.3130		6.3020		
2014-02-07	1.7089		6.3500		6.2060		
2014-02-06	12.214		6.3690		6.1580		
2014-01-30	5.3620		8.0670		5.7960		
2014-01-29	1.6882		6.1430		5.5260		
2014-01-28	1.6689		6.0500		5.4790		
2014-01-27	1.6786		6.0950		5.4340		
2014-01-26	3.4025		6.1240		5.3850		
2014-01-24	1.6707		6.2370		5.2840		
2014-01-23	1.6719		6.3060		5.2340		
2014-01-22	1.5093		8.2600		5.1850		
2014-01-21	1.7554		8.3400		5.1450		
2014-01-20	1.7346		8.2910		5.0900		
2014-01-19	3.6203		8.2530		5.0360		
2014-01-17	1.8024		8.1170		5.0760		
2014-01-16	5.4182		8.0500		5.0100		
2014-01-15	1.6636		6.0390		4.7350		
2014-01-14	1.6619		6.0020		4.6870		
2014-01-13	1.6614		5.9590		4.6400		
2014-01-12	3.3598		5.9160		4.5940		
2014-01-10	1.6730		5.8200		4.7450		
2014-01-09	1.5619		5.7720		4.7050		
2014-01-08	1.5935		5.7780		4.6700		
2014-01-07	1.5780		5.7730		4.6340		
2014-01-06	1.5786		5.8250		4.5980		
2014-01-05	3.1770		5.8710		4.5620		
2014-01-03	1.5809		5.9610		4.4900		
2014-01-02	1.5728		6.0060		4.4530		
2014-01-01	1.5844		6.0330		4.4170		
2013-12-31	1.6769		6.0880		4.3800		
2013-12-30	1.6678		6.5780		4.3380		
2013-12-29	3.3491		5.9970		4.2940		
2013-12-27	1.6673		4.7490		4.2020		
2013-12-26	1.6242		4.1180		4.1570		
2013-12-25	1.6908		3.5130		4.1160		
2013-12-24	2.6158		2.9720		4.0700		
2013-12-23	0.5533		5.2790		3.9680		
2013-12-22	0.9559		5.4720		3.9930		
2013-12-20	0.4582		5.9400		4.0560		
2013-12-19	0.4626		6.1840		4.0900		
2013-12-18	0.6530		6.4160		4.1240		
2013-12-17	7.0409		6.5580		4.1450		
2013-12-16	0.9243		3.3660		3.7780		
2013-12-15	1.8527		3.3600		3.7810		
2013-12-13	0.9258		3.3330		4.0900		
2013-12-12	0.9078		3.3190		4.0830		
2013-12-11	0.9250		3.3110		4.0730		
2013-12-10	0.9189		3.2880		4.0610		
2013-12-09	0.9144		3.2710		4.0490		
2013-12-08	1.8006		3.2660		4.0360		
2013-12-06	0.8989		3.2890		4.5760		
2013-12-05	0.8916		3.3010		4.5440		
2013-12-04	0.8806		3.2900		4.5140		
2013-12-03	0.8879		3.2900		4.4840		
2013-12-02	0.9032		3.2770		4.4530		
2013-12-01	1.8456		3.2530		4.4220		
2013-11-29	0.9210		3.1820		4.3570		
2013-11-28	0.8714		3.1470		4.3240		
2013-11-27	0.8809		3.1310		4.2970		
2013-11-26	0.8620		3.1060		4.2690		
2013-11-25	0.8574		4.4530		4.2420		
2013-11-24	1.7095		4.3830		4.6380		
2013-11-22	0.8536		4.4190		4.6000		
2013-11-21	0.8410		4.4380		4.5830		
2013-11-20	0.8333		4.4700		4.5660		
2013-11-19	3.4454		6.5560		4.5500		
2013-11-18	0.7219		5.2840		4.3750		
2013-11-17	1.7802		5.4370		4.3650		
2013-11-15	0.8896		5.5430		4.3210		
2013-11-14	0.9019		5.5960		4.3090		
2013-11-13	4.8343		5.6430		4.3010		
2013-11-12	1.0067		3.6430		4.0530		
2013-11-11	1.0143		3.6290		4.2560		
2013-11-10	1.9841		3.6100		4.2400		
2013-11-08	0.9905		3.5970		4.2100		
2013-11-07	0.9923		3.5910		4.1960		
2013-11-06	0.9991		3.5670		4.1870		
2013-11-05	0.9790		3.5080		4.1770		
2013-11-04	0.9780		3.4940		4.3410		
2013-11-03	1.9589		3.4710		4.3310		
2013-11-01	0.9788		3.4340		4.4760		
2013-10-31	0.9464		3.4140		4.4690		
2013-10-30	0.8856		3.4180		4.4660		
2013-10-29	0.9535		3.4650		4.4670		
2013-10-28	0.9341		3.5000		4.4640		
2013-10-27	1.8868		3.5450		4.4600		
2013-10-25	0.9415		3.6150		4.7690		
2013-10-24	0.9536		3.6480		4.7610		
2013-10-23	0.9763		3.6590		4.7520		
2013-10-22	1.0206		3.6760		4.7420		
2013-10-21	1.0203		6.2320		4.7280		
2013-10-20	2.0212		6.1190		4.7130		
2013-10-18	1.0035		5.8370		4.6800		
2013-10-17	0.9756		5.6910		4.6660		
2013-10-16	1.0082		5.5420		4.6560		
2013-10-15	5.9228		7.8770		4.6440		
2013-10-14	0.8047		7.4940		4.3330		
2013-10-13	1.4788		7.2760		4.3300		
2013-10-11	0.7233		6.9080		4.3360		
2013-10-10	0.6910		6.7330		4.3410		
2013-10-09	5.4864		6.5740		4.3490		
2013-10-08	5.1874		3.9150		4.0650		
2013-10-07	2.7072		1.4120		3.7990		
2013-09-30	0.3845		5.2720		4.1380		
2013-09-29	0.8443		5.3660		4.1640		
2013-09-27	0.4224		5.5160		4.3860		
2013-09-26	7.3654		5.5900		4.4090		
2013-09-25	0.5779		2.0450		4.0100		
2013-09-24	0.5156		2.0380		4.0240		
2013-09-23	0.5663		2.0260		4.0420		
2013-09-22	2.2614		2.0920		4.0570		
2013-09-18	0.5652		4.3630		4.1190		
2013-09-17	0.4920		4.4600		4.1360		
2013-09-16	0.6928		4.5940		4.1560		
2013-09-15	1.5257		4.6260		4.1640		
2013-09-13	4.3481		4.7080		4.1690		
2013-09-12	0.7434		4.3580		3.9560		
2013-09-11	0.7514		4.3930		3.9550		
2013-09-10	0.7495		5.8070		3.9530		
2013-09-09	0.7529		5.8710		3.9500		
2013-09-08	1.6828		5.9330		3.9500		
2013-09-06	3.6777		5.9920		4.0720		
2013-09-05	0.8111		4.5420		4.0390		
2013-09-04	3.4631		4.5720		4.0260		
2013-09-03	0.8727		3.2600		3.8510		
2013-09-02	0.8714		5.9510		3.8340		
2013-09-01	1.7959		5.9200		3.8160		
2013-08-30	0.8963		5.8190		4.0210		
2013-08-29	0.8685		5.7690		4.0040		
2013-08-28	0.9467		5.7180		3.9880		
2013-08-27	6.0333		5.6190		3.9680		
2013-08-26	0.8122		2.8460		3.6390		
2013-08-25	1.6025		2.8290		3.8300		
2013-08-23	0.8000		2.8400		3.8790		
2013-08-22	0.7705		2.8460		3.8740		
2013-08-21	0.7584		2.8400		3.8780		
2013-08-20	0.7148		2.8510		3.8830		
2013-08-19	0.7799		2.8900		3.9020		
2013-08-18	1.6231		2.9030		3.9030		
2013-08-16	0.8111		2.9090		3.8690		
2013-08-15	0.7592		2.9120		3.8570		
2013-08-14	0.7792		2.9280		3.8430		
2013-08-13	0.7907		2.9370		3.8290		
2013-08-12	0.8047		2.9380		3.8120		
2013-08-11	1.6346		4.2960		3.7910		
2013-08-09	0.8165		4.3120		3.7510		
2013-08-08	0.7897		4.3180		3.7310		
2013-08-07	0.7960		4.3300		3.7130		
2013-08-06	0.7924		5.8180		3.6940		
2013-08-05	3.4094		5.8510		3.6760		
2013-08-04	1.6651		4.4870		3.5000		
2013-08-02	0.8287		4.4630		3.4740		
2013-08-01	0.8117		4.4520		3.4630		
2013-07-31	3.6508		4.4500		3.4530		
2013-07-30	0.8551		2.9720		
2013-07-29	0.7933		2.9530		
2013-07-28	1.6193		2.9690		3.2510		
2013-07-26	0.8080		2.9920		3.2450		
2013-07-25	0.8085		3.0020		3.7220		
2013-07-24	0.8158		3.0100		3.7090		
2013-07-23	0.8189		3.0180		3.6940		
2013-07-22	0.8232		2.9960		3.6800		
2013-07-21	1.6630		3.0110		3.6640		
2013-07-19	0.8271		2.8920		3.6350		
2013-07-18	0.8240		2.8270		3.6200		
2013-07-17	0.8314		2.7890		3.6070		
2013-07-16	0.7761		2.7560		3.5940		
2013-07-15	0.8533		3.8770		3.9110		
2013-07-14	1.4337		5.0690		3.8890		
2013-07-12	0.7025		4.9350		3.8810		
2013-07-11	0.7509		4.8750		3.8780		
2013-07-10	0.7685		4.7840		3.8720		
2013-07-09	2.9266		6.7890		3.8650		
2013-07-08	3.1386		5.5560		3.7250		
2013-07-07	1.1770		4.2400		3.5760		
2013-07-05	0.5885		4.2660		
2013-07-04	0.5762		4.2860		3.5940		
2013-07-03	4.6136		6.0430		3.5950		
2013-07-02	0.5624		3.9220		3.3510		
2013-07-01	0.6133		4.5960		3.3530		
2013-06-30	1.2266		4.6550		3.3590		
2013-06-28	0.6279		4.8860		3.3690		
2013-06-27	3.9448		5.0970		3.3730		
2013-06-26	0.5465		3.4570		3.1760		
2013-06-25	1.8554		3.4270		3.1850		
2013-06-24	0.7263		2.7610		3.1130		
2013-06-23	1.6692		2.7010		3.2120		
2013-06-21	1.0337		2.3870		3.3280		
2013-06-20	0.7993		2.1200		3.4260		
2013-06-19	0.4891		1.9440		3.4220		
2013-06-18	0.5777		1.9440		3.4370		
2013-06-17	0.6108		1.8980		3.5490		
2013-06-16	1.0678		1.8340		3.5570		
2013-06-14	0.5217		1.7870		4.1270		
2013-06-13	0.4614		1.7690		4.1400		
2013-06-12	2.4435		1.7990		4.1570		
2013-06-07	0.4877		2.1900		4.2240		
2013-06-06	0.5198		2.2720		4.2380		
2013-06-05	0.6216		2.3510		4.2450		
2013-06-04	0.6200		2.3840		4.2450		
2013-06-03	0.6451		2.4990		4.2460		
2013-06-02	1.3067		6.6740		4.2460		
2013-05-30	0.6726		6.5680		4.2490		
2013-05-29	0.6846		6.5120		4.2450		
2013-05-28	0.8406		6.4630		4.2400		
2013-05-27	8.6507		6.3310		4.2260		
2013-05-26	1.1660		2.1260		3.8460		
2013-05-24	0.5825		2.1580		3.9800		
2013-05-23	0.5640		4.9790		3.9860		
2013-05-22	0.5908		4.9350		3.9900		
2013-05-21	0.5878		4.9700		3.9930		
2013-05-20	0.5856		5.0030		4.0270		
2013-05-19	1.2272		5.0360		4.0340		
2013-05-17	5.9940		5.0750		4.0410		
2013-05-16	0.4782		2.2800		4.9690		
2013-05-15	0.6589		2.3870		4.9880		
2013-05-14	0.6500		2.3990		4.9960		
2013-05-13	0.6505		2.4130		5.0050		
2013-05-12	1.3017		2.4460		5.3310		
2013-05-10	0.6339		2.3850		5.3590		
2013-05-09	0.6829		2.3700		5.3760		
2013-05-08	0.6819		2.3780		5.3910		
2013-05-07	0.6759		2.3870		5.4060		
2013-05-06	0.7147		2.3990		5.4210		
2013-05-05	1.1842		2.3900		5.4330		
2013-05-03	0.6062		2.5010		5.4680		
2013-05-02	0.6983		2.5340		5.4840		
2013-05-01	3.4915		3.3970		5.4930		
2013-04-26	0.6690		5.5890		5.5900		
2013-04-25	2.3541		6.4990		5.5980		
2013-04-24	0.4865		5.6560		5.5050		
2013-04-23	3.0954		5.7990		5.5250		
2013-04-22	2.6468		9.2390		5.3870		
2013-04-21	1.4663		8.2390		5.2770		
2013-04-19	2.4144		8.2390		5.2880		
2013-04-18	0.7371		7.3510		5.1910		
2013-04-17	0.7609		7.3360		5.1970		
2013-04-16	9.6924		7.3030		5.2010		
2013-04-15	0.7293		2.6130		4.6620		
2013-04-14	1.4658		2.6040		4.6680		
2013-04-12	0.7116		2.5030		4.6810		
2013-04-11	0.7091		2.4640		4.6880		
2013-04-10	0.6979		2.4260		4.6950		
2013-04-09	0.6968		2.3890		4.7040		
2013-04-08	0.7132		2.3690		4.7120		
2013-04-07	2.5439		2.3730		4.7190		
2013-04-03	0.6274		3.2460		4.7260		
2013-04-02	0.6585		3.4290		4.7190		
2013-04-01	0.7208		4.3360		4.8060		
2013-03-31	1.2053		4.3070		4.8290		
2013-03-29	0.6017		4.3460		4.8210		
2013-03-28	2.4107		4.6320		4.8290		
2013-03-27	0.9798		3.7330		4.7270		
2013-03-26	2.3970		3.5670		4.7130		
2013-03-25	0.6655		2.6700		4.6120		
2013-03-24	1.2806		4.6170		
2013-03-22	1.1504		4.6290		
2013-03-21	0.6865		4.6040		
2013-03-20	0.6613		4.6070		
2013-03-19	0.6805		4.6120		
2013-03-18	21.254		4.6150		
2013-03-17	1.5875		5.7720		3.3660		
2013-03-14	6.0199		
2013-03-08	0.9235		
2013-03-01	0.8392		
2013-02-22	0.8287		3.0210		
2013-02-08	0.8328		2.5210		2.7560		
2013-02-01	2.0877		
2013-01-25	0.7396		
2013-01-18	0.7396		
