2014-06-03	1.0639		6.2860		5.5120		
2014-06-02	3.2204		6.3030		5.5060		
2014-05-30	1.0776		5.5090		
2014-05-29	4.8671		5.5020		
2014-05-28	1.8256		5.2670		
2014-05-27	1.0981		5.2160		
2014-05-26	8.5428		5.2040		
2014-05-25	2.2350		6.1740		4.7540		
2014-05-23	5.2854		6.1230		5.6720		
2014-05-22	1.0957		4.2470		5.4440		
2014-05-21	1.0889		4.2350		5.4720		
2014-05-20	1.0745		4.4650		5.5000		
2014-05-19	1.0617		4.2730		5.5290		
2014-05-18	2.1375		6.2430		5.5620		
2014-05-16	1.6872		6.1830		5.6330		
2014-05-15	1.0716		6.4620		5.6320		
2014-05-14	1.5300		8.2700		5.6690		
2014-05-13	0.7076		9.2000		5.6780		
2014-05-12	4.8388		9.6270		5.7380		
2014-05-11	2.0229		7.6430		5.8290		
2014-05-09	2.2224		7.5030		5.6280		
2014-05-08	4.5385		6.8010		5.5960		
2014-05-07	3.3143		4.8920		5.4250		
2014-05-06	1.5257		3.6210		5.3280		
2014-05-05	1.0336		3.3210		5.3400		
2014-05-04	3.5088		3.3180		
2014-04-30	0.8770		3.6450		5.5880		
2014-04-29	0.9504		3.7500		5.6410		
2014-04-28	1.0273		3.8060		5.6880		
2014-04-27	2.0707		3.8270		5.7240		
2014-04-25	1.0337		3.8670		5.8000		
2014-04-24	1.0311		4.2140		5.7690		
2014-04-23	1.0787		4.2290		5.8080		
2014-04-22	1.0570		4.2000		5.8430		
2014-04-21	1.0683		4.1660		5.7890		
2014-04-20	2.1480		4.1240		5.8240		
2014-04-18	1.6985		4.0240		5.8990		
2014-04-17	1.0594		3.6480		5.8990		
2014-04-16	1.0232		3.5980		5.9370		
2014-04-15	0.9913		3.5970		5.9770		
2014-04-14	0.9887		3.6100		6.0200		
2014-04-13	1.9561		3.5990		6.0610		
2014-04-11	0.9782		3.5870		6.1430		
2014-04-10	0.9626		3.5800		6.1830		
2014-04-09	1.0222		3.5740		6.2240		
2014-04-08	1.0164		3.5450		6.2610		
2014-04-07	2.9003		3.7160		6.2980		
2014-04-04	0.9648		3.7450		6.4260		
2014-04-03	0.9499		3.7110		6.4680		
2014-04-02	0.9672		3.8140		6.5120		
2014-04-01	1.3452		7.4770		6.5540		
2014-03-31	0.9702		6.5740		
2014-03-30	1.9858		6.8360		
2014-03-28	0.8980		6.9100		
2014-03-27	1.1489		6.9530		
2014-03-26	7.9910		6.9820		
2014-03-25	9.3259		9.7830		6.5940		
2014-03-24	1.5482		5.7890		6.1240		
2014-03-23	3.1020		5.8560		
2014-03-21	1.5508		5.9920		6.1270		
2014-03-20	1.6020		6.0630		6.1330		
2014-03-19	1.6326		6.0980		6.1410		
2014-03-18	1.6665		6.1240		6.1470		
2014-03-17	1.6770		6.1410		6.1500		
2014-03-16	3.3627		6.1520		6.3720		
2014-03-14	1.6872		6.1990		6.3600		
2014-03-13	1.6691		6.2190		6.3530		
2014-03-12	1.6830		6.2470		6.3490		
2014-03-11	1.6973		6.2660		6.3440		
2014-03-10	1.6999		6.2760		6.3380		
2014-03-09	3.4518		6.2870		6.3250		
2014-03-07	1.7266		6.3010		6.2980		
2014-03-06	1.7214		6.2990		6.2840		
2014-03-05	1.7208		6.2520		6.5620		
2014-03-04	1.7165		6.2160		6.2580		
2014-03-03	1.7211		6.1880		6.2450		
2014-03-02	3.4773		5.5650		6.2310		
2014-02-28	1.7228		5.4860		6.2080		
2014-02-27	1.6320		4.6780		6.2000		
2014-02-26	1.6513		4.6840		6.1980		
2014-02-25	1.6633		4.7040		6.1950		
2014-02-24	0.5269		4.7170		6.1900		
2014-02-23	3.3249		5.3230		6.2520		
2014-02-21	0.1725		5.3490		6.3020		
2014-02-20	1.6448		6.1390		6.3200		
2014-02-19	1.6885		6.1500		6.2440		
2014-02-18	1.6888		6.1330		6.1660		
2014-02-17	1.6895		6.1130		6.0860		
2014-02-16	3.3739		6.0900		6.0070		
2014-02-14	1.6869		6.0300		6.2590		
2014-02-13	1.6670		6.0000		6.2080		
2014-02-12	1.6557		5.9990		6.1580		
2014-02-11	1.6505		6.0040		
2014-02-10	1.6445		6.0120		6.0600		
2014-02-09	3.2597		6.0230		6.0100		
2014-02-07	1.6293		6.0600		5.9150		
2014-02-06	11.658		6.0790		5.8660		
2014-01-30	5.2824		7.7780		5.5040		
2014-01-29	1.6075		5.8550		5.2340		
2014-01-28	1.5914		5.7630		5.1880		
2014-01-27	1.5996		5.8070		5.1420		
2014-01-26	3.2436		5.8350		5.0930		
2014-01-24	1.5918		5.9490		4.9920		
2014-01-23	1.5944		6.0170		4.9420		
2014-01-22	1.4307		7.9590		4.8930		
2014-01-21	1.6759		8.0390		4.8530		
2014-01-20	1.6547		7.9900		4.7980		
2014-01-19	3.4614		7.9520		4.7430		
2014-01-17	1.7229		7.8160		4.7840		
2014-01-16	5.3175		7.7480		4.7170		
2014-01-15	1.5840		5.7480		4.4430		
2014-01-14	1.5824		5.7120		4.3960		
2014-01-13	1.5818		5.6680		4.3490		
2014-01-12	3.2009		5.6250		4.3030		
2014-01-10	1.5932		5.5300		4.4530		
2014-01-09	1.4821		5.4820		4.4130		
2014-01-08	1.5141		5.4880		4.3790		
2014-01-07	1.4984		5.4830		4.3420		
2014-01-06	1.4990		5.5350		4.3060		
2014-01-05	3.0181		5.5810		4.2710		
2014-01-03	1.5015		5.6710		4.1980		
2014-01-02	1.4936		5.7160		4.1610		
2014-01-01	1.5050		5.7430		4.1250		
2013-12-31	1.5972		5.7970		4.0880		
2013-12-30	1.5883		6.2860		4.0460		
2013-12-29	3.1902		5.7050		4.0020		
2013-12-27	1.5880		4.4580		3.9100		
2013-12-26	1.5447		3.8270		3.8650		
2013-12-25	1.6092		3.2220		3.8240		
2013-12-24	2.5358		2.6820		3.7780		
2013-12-23	0.4741		4.9850		3.6770		
2013-12-22	0.7970		5.1790		3.7010		
2013-12-20	0.3796		5.6460		3.7640		
2013-12-19	0.3837		5.8900		3.7990		
2013-12-18	0.5727		6.1210		3.8320		
2013-12-17	6.9537		6.2630		3.8540		
2013-12-16	0.8447		3.0750		3.4870		
2013-12-15	1.6938		3.0700		3.4900		
2013-12-13	0.8464		3.0420		3.7990		
2013-12-12	0.8273		3.0280		3.7920		
2013-12-11	0.8452		3.0210		3.7820		
2013-12-10	0.8393		2.9970		3.7700		
2013-12-09	0.8350		2.9810		3.7590		
2013-12-08	1.6417		2.9750		3.7450		
2013-12-06	0.8195		2.9990		4.2850		
2013-12-05	0.8122		3.0100		4.2540		
2013-12-04	0.8010		2.9990		4.2230		
2013-12-03	0.8076		2.9990		4.1930		
2013-12-02	0.8237		2.9860		4.1620		
2013-12-01	1.6867		2.9620		4.1310		
2013-11-29	0.8412		2.8910		4.0660		
2013-11-28	0.7916		2.8560		4.0330		
2013-11-27	0.8013		2.8410		4.0060		
2013-11-26	0.7822		2.8160		3.9780		
2013-11-25	0.7777		4.1630		3.9510		
2013-11-24	1.5506		4.0860		4.3470		
2013-11-22	0.7743		4.1230		4.3100		
2013-11-21	0.7620		4.1410		4.2920		
2013-11-20	0.7539		4.1730		4.2750		
2013-11-19	3.3660		6.2590		4.2590		
2013-11-18	0.6290		4.9870		4.0840		
2013-11-17	1.6213		5.1460		4.0750		
2013-11-15	0.8103		5.2520		4.0300		
2013-11-14	0.8222		5.3050		4.0180		
2013-11-13	4.7542		5.3520		4.0090		
2013-11-12	0.9262		3.3530		3.7620		
2013-11-11	0.9349		3.3370		3.9650		
2013-11-10	1.8252		3.3180		3.9490		
2013-11-08	0.9111		3.3050		3.9190		
2013-11-07	0.9128		3.2990		3.9050		
2013-11-06	0.9196		3.2750		3.8960		
2013-11-05	0.8960		3.2160		3.8860		
2013-11-04	0.8986		3.2040		4.0500		
2013-11-03	1.8000		3.1810		4.0400		
2013-11-01	0.8993		3.1440		4.1850		
2013-10-31	0.8669		3.1240		4.1780		
2013-10-30	0.8062		3.1280		4.1750		
2013-10-29	0.8739		3.1750		4.1760		
2013-10-28	0.8547		3.2110		4.1730		
2013-10-27	1.7279		3.2560		4.1690		
2013-10-25	0.8617		3.3260		4.4780		
2013-10-24	0.8744		3.3590		4.4710		
2013-10-23	0.8970		3.3730		4.4610		
2013-10-22	0.9423		3.3890		4.4510		
2013-10-21	0.9410		5.9450		4.4370		
2013-10-20	1.8623		5.8330		4.4220		
2013-10-18	0.9240		5.5500		4.3880		
2013-10-17	0.9012		5.4040		4.3750		
2013-10-16	0.9287		5.2530		4.3640		
2013-10-15	5.8439		7.5880		4.3520		
2013-10-14	0.7263		7.2040		4.0420		
2013-10-13	1.3198		6.9860		4.0390		
2013-10-11	0.6442		6.6180		4.0440		
2013-10-10	0.6115		6.4430		4.0490		
2013-10-09	5.4067		6.2840		4.0570		
2013-10-08	5.1076		3.6250		3.7730		
2013-10-07	2.1510		1.1220		3.5070		
2013-09-30	0.3050		4.9810		3.8460		
2013-09-29	0.6854		5.0750		3.8720		
2013-09-27	0.3426		5.2240		4.0950		
2013-09-26	7.2859		5.2990		4.1170		
2013-09-25	0.4984		1.7530		3.7180		
2013-09-24	0.4345		1.7470		3.7320		
2013-09-23	0.4863		1.7240		3.7500		
2013-09-22	1.9436		1.7900		3.7650		
2013-09-18	0.4857		4.0620		3.8270		
2013-09-17	0.3902		4.1590		3.8440		
2013-09-16	0.6136		4.3050		3.8650		
2013-09-15	1.3668		4.3360		3.8730		
2013-09-13	4.2692		4.4180		3.8760		
2013-09-12	0.6647		4.0680		3.6630		
2013-09-11	0.6722		4.1030		3.6620		
2013-09-10	0.6704		5.5180		3.6600		
2013-09-09	0.6728		5.5820		3.6570		
2013-09-08	1.5239		5.6450		3.6570		
2013-09-06	3.5984		5.7030		3.7790		
2013-09-05	0.7317		4.2530		3.7460		
2013-09-04	3.3859		4.2830		3.7330		
2013-09-03	0.7930		2.9700		3.5580		
2013-09-02	0.7921		5.6600		3.5400		
2013-09-01	1.6370		5.6290		3.5220		
2013-08-30	0.8170		5.5280		3.7280		
2013-08-29	0.7893		5.4770		3.7110		
2013-08-28	0.8672		5.4260		3.6950		
2013-08-27	5.9526		5.3280		3.6750		
2013-08-26	0.7321		2.5530		3.3460		
2013-08-25	1.4436		2.5370		3.5370		
2013-08-23	0.7197		2.5480		3.5850		
2013-08-22	0.6910		2.5540		3.5810		
2013-08-21	0.6790		2.5480		3.5840		
2013-08-20	0.6315		2.5590		3.5890		
2013-08-19	0.7004		2.6000		3.6090		
2013-08-18	1.4642		2.6130		3.6100		
2013-08-16	0.7317		2.6190		3.5760		
2013-08-15	0.6795		2.6220		3.5640		
2013-08-14	0.6997		2.6380		3.5500		
2013-08-13	0.7109		2.6470		3.5350		
2013-08-12	0.7250		2.6470		3.5190		
2013-08-11	1.4757		4.0060		3.4980		
2013-08-09	0.7371		4.0210		3.4580		
2013-08-08	0.7104		4.0270		3.4380		
2013-08-07	0.7166		4.0380		3.4200		
2013-08-06	0.7119		5.5270		3.4010		
2013-08-05	3.3300		5.5590		3.3830		
2013-08-04	1.5062		4.1950		3.2070		
2013-08-02	0.7485		4.1710		3.1810		
2013-08-01	0.7318		4.1610		3.1700		
2013-07-31	3.5712		4.1590		3.1600		
2013-07-30	0.7742		2.6810		
2013-07-29	0.7138		2.6610		
2013-07-28	1.4604		2.6770		2.9580		
2013-07-26	0.7282		2.6990		2.9520		
2013-07-25	0.7288		2.7090		3.4290		
2013-07-24	0.7360		2.7170		3.4150		
2013-07-23	0.7365		2.7260		3.4010		
2013-07-22	0.7434		2.6870		3.3870		
2013-07-21	1.5041		2.7030		3.3710		
2013-07-19	0.7469		2.5840		3.3420		
2013-07-18	0.7444		2.5190		3.3270		
2013-07-17	0.7520		2.4810		3.3140		
2013-07-16	0.6628		2.4480		3.3010		
2013-07-15	0.7738		3.5860		3.6210		
2013-07-14	1.2748		4.7780		3.5950		
2013-07-12	0.6231		4.6440		3.5880		
2013-07-11	0.6714		4.5850		3.5850		
2013-07-10	0.6890		4.4940		3.5790		
2013-07-09	2.8461		6.4990		3.5710		
2013-07-08	3.0592		5.2660		3.4320		
2013-07-07	1.0181		3.9500		3.2830		
2013-07-05	0.5091		3.9760		
2013-07-04	0.4963		3.9960		3.3010		
2013-07-03	4.5351		5.7520		3.3020		
2013-07-02	0.4824		3.6310		3.0580		
2013-07-01	0.5338		4.3020		3.0600		
2013-06-30	1.0677		4.3610		3.0650		
2013-06-28	0.5477		4.5910		3.0760		
2013-06-27	3.8654		4.8030		3.0800		
2013-06-26	0.4671		3.1630		2.8830		
2013-06-25	1.7680		3.1330		2.8920		
2013-06-24	0.6469		2.4700		2.8200		
2013-06-23	1.5103		2.4100		2.9190		
2013-06-21	0.9542		2.0970		3.0360		
2013-06-20	0.7196		1.8290		3.1340		
2013-06-19	0.4093		1.6530		3.1300		
2013-06-18	0.4975		1.6530		3.1450		
2013-06-17	0.5315		1.6070		3.2570		
2013-06-16	0.9089		1.5430		3.2650		
2013-06-14	0.4414		1.4960		3.8360		
2013-06-13	0.3820		1.4790		3.8480		
2013-06-12	2.0462		1.5100		3.8650		
2013-06-07	0.4082		1.9000		3.9320		
2013-06-06	0.4406		1.9810		3.9460		
2013-06-05	0.5424		2.0610		3.9530		
2013-06-04	0.5381		2.0940		3.9540		
2013-06-03	0.5659		2.2100		3.9550		
2013-06-02	1.1478		6.3840		3.9540		
2013-05-30	0.5934		6.2790		3.9580		
2013-05-29	0.6056		6.2210		3.9540		
2013-05-28	0.7605		6.1720		3.9490		
2013-05-27	8.5715		6.0400		3.9340		
2013-05-26	1.0071		1.8350		3.5540		
2013-05-24	0.5033		1.8670		3.6890		
2013-05-23	0.4824		4.6880		3.6940		
2013-05-22	0.5115		4.6250		3.6990		
2013-05-21	0.5078		4.6600		3.7020		
2013-05-20	0.5066		4.6930		3.7360		
2013-05-19	1.0683		4.7270		3.7420		
2013-05-17	5.9146		4.7650		3.7500		
2013-05-16	0.3604		1.9700		4.6670		
2013-05-15	0.5795		2.0970		4.6880		
2013-05-14	0.5706		2.1090		4.6970		
2013-05-13	0.5711		2.1230		4.7050		
2013-05-12	1.1428		2.1570		5.0320		
2013-05-10	0.5546		2.0950		5.0590		
2013-05-09	0.6036		2.0810		5.0770		
2013-05-08	0.6026		2.0890		5.0910		
2013-05-07	0.5971		2.0970		5.1060		
2013-05-06	0.6356		3.6570		5.1210		
2013-05-05	1.0253		2.1000		5.1330		
2013-05-03	0.5261		2.2100		5.1690		
2013-05-02	0.6188		2.2430		5.1850		
2013-05-01	3.0943		3.1080		5.1930		
2013-04-26	0.5895		5.3020		5.2900		
2013-04-25	2.2770		6.2130		5.2980		
2013-04-24	0.4101		5.3690		5.2050		
2013-04-23	3.0170		5.5110		5.2250		
2013-04-22	2.5677		8.9500		5.0870		
2013-04-21	1.3075		7.9500		4.9770		
2013-04-19	2.3362		7.9500		4.9880		
2013-04-18	0.6590		7.0620		4.8910		
2013-04-17	0.6816		7.0470		4.8960		
2013-04-16	9.6133		7.0140		4.9010		
2013-04-15	0.6499		2.3230		4.3620		
2013-04-14	1.3069		2.3150		4.3680		
2013-04-12	0.6325		2.2140		4.3800		
2013-04-11	0.6297		2.1740		4.3880		
2013-04-10	0.6188		2.1360		4.3950		
2013-04-09	0.6176		2.0990		4.4030		
2013-04-08	0.6338		2.0800		4.4120		
2013-04-07	2.2261		2.0840		4.4190		
2013-04-03	0.5479		2.9580		4.4260		
2013-04-02	0.5819		3.1420		4.4190		
2013-04-01	0.6416		4.0470		4.5050		
2013-03-31	1.0465		4.0190		4.5290		
2013-03-29	0.5226		4.0580		4.5200		
2013-03-28	2.3316		4.3450		4.5290		
2013-03-27	0.9007		3.4460		4.4270		
2013-03-26	2.3183		3.2800		4.4120		
2013-03-25	0.5883		2.3900		4.3110		
2013-03-24	1.1217		4.3160		
2013-03-22	1.0718		4.3280		
2013-03-21	0.6075		4.3030		
2013-03-20	0.5830		4.3060		
2013-03-19	0.6018		4.3110		
2013-03-18	20.994		4.3140		
2013-03-17	1.4286		5.4810		3.0760		
2013-03-14	5.9405		
2013-03-08	0.8441		
2013-03-01	0.7598		
2013-02-22	0.7492		2.7310		
2013-02-08	0.7533		2.2310		2.4780		
2013-02-01	2.0082		
2013-01-25	0.6601		
2013-01-18	0.6601		
