2014-06-03	0.9338		3.3720		4.0340		
2014-06-02	2.7576		3.3730		
2014-05-30	0.9181		3.3870		4.0200		
2014-05-29	0.9255		3.3880		3.9670		
2014-05-28	0.9310		3.3920		3.9630		
2014-05-27	0.9357		3.3840		3.9830		
2014-05-26	0.9182		3.3860		4.0030		
2014-05-25	1.8670		3.3710		
2014-05-23	0.9196		3.3660		3.8980		
2014-05-22	0.9336		3.3530		3.9230		
2014-05-21	0.9164		3.3350		3.9140		
2014-05-20	0.9388		4.3910		3.9340		
2014-05-19	0.8899		4.4030		3.9520		
2014-05-18	1.8568		4.7100		
2014-05-16	0.8947		4.5950		3.8430		
2014-05-15	0.8992		4.5500		3.8620		
2014-05-14	2.9422		5.0580		3.8530		
2014-05-13	0.9617		3.9540		3.6150		
2014-05-12	1.4789		5.0620		3.6190		
2014-05-11	1.6362		4.7220		
2014-05-09	0.8070		4.7760		3.4760		
2014-05-08	1.8743		4.8080		6.4830		
2014-05-07	0.8242		4.2840		6.4710		
2014-05-06	3.0875		4.3050		6.5940		
2014-05-05	0.8275		3.1600		6.4210		
2014-05-04	3.4769		3.1850		
2014-04-30	0.8639		3.2030		7.4080		
2014-04-29	0.8925		3.2000		8.1390		
2014-04-28	0.8758		3.1830		8.1330		
2014-04-27	1.7676		3.1760		
2014-04-25	0.8787		3.1520		7.5170		
2014-04-24	0.8637		3.1420		7.7880		
2014-04-23	0.8589		3.1180		7.9430		
2014-04-22	0.8589		3.0910		8.1090		
2014-04-21	0.8628		3.0710		8.1000		
2014-04-20	1.7220		3.0880		
2014-04-18	0.8594		3.0020		7.4750		
2014-04-17	0.8182		2.9740		7.7480		
2014-04-16	0.8060		3.0350		7.9070		
2014-04-15	0.8204		8.0780		
2014-04-14	0.8970		8.0750		
2014-04-13	1.5573		
2014-04-11	0.8047		7.4750		
2014-04-10	0.9359		7.8140		
2014-04-09	25.250		7.9600		
2014-04-08	15.830		5.0570		
2014-04-07	3.1399		3.3910		
2014-04-04	0.9620		3.1130		5.5010		
2014-04-03	0.7455		3.0590		3.0900		
2014-04-02	0.8854		3.0680		3.1030		
2014-04-01	0.7713		3.0500		3.0980		
2014-03-31	0.8448		3.0760		3.1080		
2014-03-30	1.7618		3.0480		
2014-03-28	0.8579		2.9910		3.1070		
2014-03-27	0.7635		2.9740		3.0910		
2014-03-26	0.8405		2.9990		3.1590		
2014-03-25	0.8306		2.9760		4.3060		
2014-03-24	0.7918		2.9650		4.4200		
2014-03-23	1.6516		2.9660		
2014-03-21	0.8255		2.9800		4.4870		
2014-03-20	0.8118		2.9850		4.7070		
2014-03-19	0.7959		3.0290		4.8080		
2014-03-18	0.8090		3.0910		4.9100		
2014-03-17	0.7953		3.2640		5.0160		
2014-03-16	1.6767		3.3620		
2014-03-14	0.8349		3.4710		5.1140		
2014-03-13	0.8972		3.5280		5.3810		
2014-03-12	0.9157		3.5090		5.4620		
2014-03-11	1.1391		3.3970		5.5370		
2014-03-10	0.9842		3.1290		5.5780		
2014-03-09	1.8851		3.0490		
2014-03-07	0.9448		2.9170		5.6430		
2014-03-06	0.8617		2.8770		5.9070		
2014-03-05	0.7002		3.0990		6.0220		
2014-03-04	0.6244		7.7590		6.1720		
2014-03-03	0.8318		8.3230		6.3490		
2014-03-02	1.6313		8.5680		
2014-02-28	0.8674		9.1790		6.0620		
2014-02-27	1.2887		9.4380		6.3340		
2014-02-26	9.6369		9.5930		6.3880		
2014-02-25	1.7053		5.3940		5.3950		
2014-02-24	1.3030		5.3500		5.3710		
2014-02-23	2.8024		5.4760		
2014-02-21	1.3637		5.6050		5.4210		
2014-02-20	1.5855		5.6800		5.4610		
2014-02-19	1.5849		5.6460		5.4500		
2014-02-18	1.6210		5.5990		5.4390		
2014-02-17	1.5442		5.5120		5.4200		
2014-02-16	3.0493		5.4770		
2014-02-14	1.5081		5.4120		5.5130		
2014-02-13	1.5200		5.3720		5.5320		
2014-02-12	1.4959		5.3350		5.5310		
2014-02-11	1.4535		5.3100		5.5340		
2014-02-10	1.4775		5.3070		5.5610		
2014-02-09	2.9236		5.2910		
2014-02-07	1.4324		5.2770		5.7020		
2014-02-06	10.136		5.2850		
2014-01-30	1.4480		5.4730		5.7790		
2014-01-29	1.4254		5.5080		5.9110		
2014-01-28	1.4873		5.5490		5.9350		
2014-01-27	1.5109		5.5740		5.9660		
2014-01-26	2.9500		5.5550		
2014-01-24	1.6742		5.7480		6.0120		
2014-01-23	1.5149		5.7400		6.0520		
2014-01-22	1.5052		5.8110		6.0700		
2014-01-21	1.5349		5.9070		6.0900		
2014-01-20	1.4736		5.9920		6.0940		
2014-01-19	3.3200		6.0970		
2014-01-17	1.6600		6.1630		5.9630		
2014-01-16	1.6499		6.1900		5.9040		
2014-01-15	1.6902		6.2010		5.9000		
2014-01-14	1.6974		6.3700		5.8910		
2014-01-13	1.6756		6.3580		5.8280		
2014-01-12	3.4473		6.3330		
2014-01-10	1.7111		6.2190		5.8540		
2014-01-09	1.6701		6.1690		5.7560		
2014-01-08	2.0143		6.1380		5.7440		
2014-01-07	1.6755		5.9110		5.6890		
2014-01-06	1.6275		5.8900		5.6260		
2014-01-05	3.2284		5.9430		
2014-01-03	1.6148		6.0960		5.4290		
2014-01-02	1.6111		6.1660		5.3510		
2014-01-01	1.5797		6.1690		
2013-12-31	1.6338		6.1700		5.3330		
2013-12-30	1.7300		6.1880		5.2950		
2013-12-29	3.5222		6.1050		
2013-12-27	1.7480		5.7320		5.0990		
2013-12-26	1.6177		5.5420		4.9420		
2013-12-25	1.5815		5.4500		5.1250		
2013-12-24	1.6688		5.3230		5.1030		
2013-12-23	1.5699		5.0850		5.0670		
2013-12-22	2.8068		4.8910		
2013-12-20	1.3834		4.7210		4.9000		
2013-12-19	1.4424		5.7910		4.8530		
2013-12-18	1.3369		5.6630		4.8170		
2013-12-17	1.2121		5.5800		4.8150		
2013-12-16	1.1978		5.5310		4.8290		
2013-12-15	2.4805		5.5220		
2013-12-13	3.4369		5.4990		4.7180		
2013-12-12	1.1953		4.3340		4.4520		
2013-12-11	1.1793		4.3290		4.4480		
2013-12-10	1.1184		4.3310		4.4520		
2013-12-09	1.1798		4.3770		4.4660		
2013-12-08	2.4373		4.3800		
2013-12-06	1.2013		4.3150		4.4140		
2013-12-05	1.1862		4.2920		4.3980		
2013-12-04	1.1827		4.2780		4.3840		
2013-12-03	1.2067		4.2770		4.3860		
2013-12-02	1.1860		5.2760		4.3860		
2013-12-01	2.3133		5.2740		
2013-11-29	1.1562		5.2440		4.3000		
2013-11-28	1.1585		5.2270		4.2980		
2013-11-27	1.1819		5.1960		4.3010		
2013-11-26	3.1225		5.1610		4.3000		
2013-11-25	1.1820		4.1310		4.0490		
2013-11-24	2.2553		4.0670		
2013-11-22	1.1245		4.0490		4.1520		
2013-11-21	1.0989		4.0400		4.1690		
2013-11-20	1.1146		4.0580		4.1740		
2013-11-19	1.1465		4.0710		4.1770		
2013-11-18	1.0600		4.0790		4.1900		
2013-11-17	2.2202		4.1130		
2013-11-15	1.1069		4.1320		4.2550		
2013-11-14	1.1336		4.1410		4.2820		
2013-11-13	1.1402		4.1310		4.2870		
2013-11-12	1.1626		4.1040		4.2920		
2013-11-11	1.1252		4.0570		4.3000		
2013-11-10	2.2549		4.0280		
2013-11-08	1.1252		3.9750		4.3320		
2013-11-07	1.1137		3.9500		4.3540		
2013-11-06	1.0895		3.9230		4.3640		
2013-11-05	1.0716		3.9070		4.3780		
2013-11-04	1.0695		3.9200		4.3950		
2013-11-03	2.1546		3.9510		
2013-11-01	1.0774		3.9850		4.4140		
2013-10-31	1.0608		3.9940		4.4770		
2013-10-30	1.0590		4.6020		4.4970		
2013-10-29	1.0960		4.5760		4.5260		
2013-10-28	1.1291		4.6530		4.5510		
2013-10-27	2.2202		4.7120		
2013-10-25	1.0954		4.8600		4.4710		
2013-10-24	2.2264		4.9390		4.5040		
2013-10-23	1.0095		4.4410		4.3360		
2013-10-22	1.2423		4.5520		4.3580		
2013-10-21	1.2430		4.5440		4.3520		
2013-10-20	2.5048		4.5350		
2013-10-18	1.2464		4.4910		4.2600		
2013-10-17	1.2714		4.4700		4.2160		
2013-10-16	1.2225		4.4310		4.1880		
2013-10-15	1.2269		4.4750		4.1780		
2013-10-14	1.2256		4.4560		4.1510		
2013-10-13	2.4194		4.4390		
2013-10-11	1.2060		4.4220		4.0640		
2013-10-10	1.1970		4.4150		4.0250		
2013-10-09	1.3079		4.4130		4.0100		
2013-10-08	1.1898		4.3530		3.9790		
2013-10-07	8.3507		4.3540		
2013-09-30	1.1924		4.0540		3.9300		
2013-09-29	2.3787		3.9400		
2013-09-27	1.1797		3.8030		3.7890		
2013-09-26	1.0455		3.7400		
2013-09-25	1.1319		3.7460		3.7290		
2013-09-24	0.8461		3.7070		3.7150		
2013-09-23	0.9750		3.8060		3.7310		
2013-09-22	4.2311		3.8240		
2013-09-18	1.0564		3.6390		3.8730		
2013-09-17	1.0366		3.6520		3.8760		
2013-09-16	1.0091		3.6670		3.8880		
2013-09-15	1.9702		3.6900		
2013-09-13	0.9810		3.7560		3.8940		
2013-09-12	0.9260		3.7930		3.9380		
2013-09-11	1.0801		3.8600		3.9570		
2013-09-10	1.0671		3.8420		3.9570		
2013-09-09	1.0529		3.7830		3.9420		
2013-09-08	2.0970		3.7790		
2013-09-06	1.0504		3.7410		3.9640		
2013-09-05	1.0554		3.4920		3.9880		
2013-09-04	1.0453		3.4690		3.9920		
2013-09-03	0.9550		3.6700		3.9980		
2013-09-02	1.0440		3.6940		4.0250		
2013-09-01	2.0241		3.6560		
2013-08-30	0.5723		3.9290		4.0680		
2013-08-29	1.0123		4.2800		4.1640		
2013-08-28	1.4306		4.3860		4.1800		
2013-08-27	1.0007		4.1990		4.1440		
2013-08-26	0.9708		4.3710		4.1610		
2013-08-25	2.5483		4.4580		
2013-08-23	1.2461		4.3360		4.1670		
2013-08-22	1.2157		4.2880		4.1500		
2013-08-21	1.0721		4.2380		4.1400		
2013-08-20	1.3296		4.0610		4.1480		
2013-08-19	1.1376		3.9900		4.1430		
2013-08-18	2.3143		3.8900		
2013-08-16	1.1548		3.8110		4.1860		
2013-08-15	1.1201		3.7680		4.2050		
2013-08-14	0.7309		3.7930		4.2090		
2013-08-13	1.1951		4.0200		4.2620		
2013-08-12	0.9448		4.0120		4.2840		
2013-08-11	2.1623		4.1260		
2013-08-09	1.0726		4.2160		4.4050		
2013-08-08	1.1692		4.2620		4.4980		
2013-08-07	1.1650		4.2640		4.5060		
2013-08-06	1.1805		4.2700		4.5150		
2013-08-05	1.1637		4.2710		4.5730		
2013-08-04	2.3338		4.2570		
2013-08-02	1.1612		4.2440		4.8160		
2013-08-01	1.1734		4.2360		4.9190		
2013-07-31	1.1768		4.1890		4.9400		
2013-07-30	1.1822		4.1240		4.9620		
2013-07-29	1.1363		4.2180		5.0310		
2013-07-28	2.3097		4.2990		
2013-07-26	1.1461		4.4530		5.2220		
2013-07-25	1.0827		4.5310		5.3530		
2013-07-24	1.0527		4.5060		5.4240		
2013-07-23	1.3626		4.5440		5.4790		
2013-07-22	1.2912		4.5310		5.4800		
2013-07-21	2.6052		4.5720		
2013-07-19	1.2944		4.5320		5.2500		
2013-07-18	1.0355		4.5200		5.2440		
2013-07-17	1.1256		4.6630		5.2390		
2013-07-16	1.3378		4.9230		5.2780		
2013-07-15	1.3706		5.0680		5.2280		
2013-07-14	2.5275		5.2100		
2013-07-12	1.2721		5.6330		5.0880		
2013-07-11	1.3088		5.8360		5.1380		
2013-07-10	1.6250		6.0300		5.1510		
2013-07-09	1.6158		6.0670		5.1210		
2013-07-08	1.6422		6.1250		5.0900		
2013-07-07	3.3387		6.1690		
2013-07-05	1.6617		6.2280		4.6240		
2013-07-04	1.6812		6.2640		4.4280		
2013-07-03	1.6952		6.3080		4.5760		
2013-07-02	1.7269		6.2930		4.5200		
2013-07-01	1.7270		6.2640		4.3970		
2013-06-30	3.4513		6.0780		
2013-06-28	1.7311		5.2790		4.0830		
2013-06-27	1.7656		4.8360		4.0040		
2013-06-26	1.6661		4.4260		3.9220		
2013-06-25	1.6722		4.0650		3.8480		
2013-06-24	1.3703		3.7100		3.7280		
2013-06-23	1.9184		3.4880		
2013-06-21	0.8819		3.5510		3.5490		
2013-06-20	0.9784		3.6150		3.5350		
2013-06-19	0.9748		3.5960		3.5340		
2013-06-18	0.9919		3.5670		3.5330		
2013-06-17	0.9441		3.5300		
2013-06-16	2.0382		3.5170		
2013-06-14	1.0050		3.4130		3.3790		
2013-06-13	0.9429		3.3630		3.3390		
2013-06-12	4.5972		3.3240		
2013-06-07	0.9093		4.0730		3.1990		
2013-06-06	0.8694		3.9890		3.1450		
2013-06-05	0.8582		3.9080		3.1440		
2013-06-04	2.8942		3.8330		3.1440		
2013-06-03	0.7503		3.5070		2.8780		
2013-06-02	1.5299		3.4920		
2013-05-30	0.7149		3.4130		
2013-05-29	0.7127		3.5520		2.9280		
2013-05-28	2.2695		3.5600		
2013-05-27	0.7212		2.7610		2.7270		
2013-05-26	1.4430		2.7440		
2013-05-24	0.6834		2.6800		2.9110		
2013-05-23	0.9813		2.6640		2.9480		
2013-05-22	0.7281		2.7390		3.3850		
2013-05-21	0.7381		2.6850		3.4100		
2013-05-20	0.6880		2.7470		3.3520		
2013-05-19	1.3203		2.7210		
2013-05-17	0.6524		2.6920		3.1940		
2013-05-16	1.1252		2.8210		3.2200		
2013-05-15	0.6247		2.5840		3.2710		
2013-05-14	0.8574		2.6030		3.3050		
2013-05-13	0.6385		2.5030		3.3110		
2013-05-12	1.2643		2.5750		
2013-05-10	0.8998		2.8020		3.3650		
2013-05-09	0.6699		2.7690		3.4090		
2013-05-08	0.6626		3.0440		3.4660		
2013-05-07	0.6648		3.1830		3.5030		
2013-05-06	0.7773		3.3210		
2013-05-05	1.6986		3.4000		
2013-05-03	0.8375		3.4840		
2013-05-02	1.1962		3.5190		3.2540		
2013-05-01	4.6473		3.3220		
2013-04-26	0.9045		4.1540		3.2110		
2013-04-25	0.8183		3.8680		3.1680		
2013-04-24	0.8372		4.0390		
2013-04-23	4.5734		3.8280		
2013-04-22	4.5734		3.8280		2.7970		
2013-04-21	0.5553		2.6160		
2013-04-19	0.3566		3.0510		2.8530		
2013-04-18	1.1460		3.6810		3.0270		
2013-04-17	0.4333		3.5000		
2013-04-16	1.5407		3.6300		
2013-04-15	0.9843		3.4230		2.9410		
2013-04-14	1.3909		3.1730		
2013-04-12	1.5649		3.0530		2.9180		
2013-04-11	0.7990		2.5390		2.8480		
2013-04-10	0.6821		2.4250		
2013-04-09	1.1430		2.3440		
2013-04-08	0.5052		1.9730		2.8640		
2013-04-07	2.3214		2.3530		
2013-04-03	0.5261		2.8080		
2013-04-02	0.4317		2.9510		
2013-04-01	1.2340		3.1400		3.1870		
2013-03-31	1.6131		3.2990		
2013-03-29	0.8010		3.2570		
2013-03-28	0.7796		3.2400		3.1930		
2013-03-27	0.8007		3.2400		3.2140		
2013-03-26	0.7932		3.2260		3.2310		
2013-03-25	1.5394		3.2400		3.2330		
2013-03-24	1.5326		2.8450		
2013-03-22	0.7676		2.8640		3.2930		
2013-03-21	0.7795		2.9240		3.2930		
2013-03-20	0.7748		2.9250		3.3030		
2013-03-19	0.8256		2.9210		3.3140		
2013-03-18	0.7769		2.8870		3.3180		
2013-03-17	1.5687		3.1040		
2013-03-15	0.8819		3.2070		
2013-03-14	0.7810		3.2060		
2013-03-13	0.7670		3.2530		
2013-03-12	0.7613		3.3420		
2013-03-11	1.1934		3.4370		
2013-03-10	1.7663		3.3100		
2013-03-08	0.8786		3.3720		
2013-03-07	0.8714		3.4050		
2013-03-06	0.9390		3.4370		3.3330		
2013-03-05	0.9424		3.4360		3.3280		
2013-03-04	0.9495		3.3630		3.3310		
2013-03-03	1.8855		3.9130		
2013-03-01	0.9414		3.6800		3.2830		
2013-02-28	0.9342		3.6380		
2013-02-27	0.9356		3.5970		
2013-02-26	0.8037		3.5560		
2013-02-25	0.8037		3.5560		
2013-02-24	1.4391		2.9860		
2013-02-22	0.8611		3.1300		3.0150		
2013-02-21	0.8546		3.1280		
2013-02-20	0.8567		3.1300		
2013-02-19	0.8571		3.1300		
2013-02-18	0.8577		3.1310		
2013-02-17	7.7195		3.1310		
2013-02-08	0.8567		2.8140		
2013-02-07	0.9309		3.2990		
2013-02-06	0.9005		3.3000		
2013-02-05	0.9639		3.2880		
2013-02-04	0.5856		3.2080		
2013-02-03	1.1596		3.1950		
2013-02-01	1.7873		3.1730		
2013-01-31	0.9324		2.7460		
2013-01-25	0.9690		2.8790		
