2014-06-03	1.0311		5.8950		5.4080		
2014-06-02	3.4147		6.3430		
2014-05-30	2.4412		6.2820		5.8280		
2014-05-29	3.3113		5.5900		5.5930		
2014-05-28	1.1071		4.9070		5.5120		
2014-05-27	1.8899		4.9210		5.5190		
2014-05-26	1.0737		5.4180		5.6610		
2014-05-25	2.2255		5.5870		
2014-05-23	1.1130		5.5930		5.7650		
2014-05-22	2.0023		5.5970		6.6210		
2014-05-21	1.1330		6.1180		6.3800		
2014-05-20	2.8441		6.1170		6.3660		
2014-05-19	1.3967		5.9040		6.0960		
2014-05-18	2.2377		5.9440		
2014-05-16	1.1199		5.9770		6.1730		
2014-05-15	3.0009		7.6460		6.7990		
2014-05-14	1.1317		6.6430		6.0990		
2014-05-13	2.4361		6.6150		5.6150		
2014-05-12	1.4731		6.2880		5.2980		
2014-05-11	2.3006		6.0850		
2014-05-09	4.3204		6.3340		5.2270		
2014-05-08	1.0780		4.6350		4.3250		
2014-05-07	1.0783		4.6260		4.4530		
2014-05-06	1.8082		4.6140		4.4530		
2014-05-05	1.0843		4.3080		4.4960		
2014-05-04	4.9008		4.3680		
2014-04-30	1.0558		4.2800		4.7010		
2014-04-29	1.2208		4.2910		5.0260		
2014-04-28	1.2003		4.6830		5.0000		
2014-04-27	2.1122		5.1120		
2014-04-25	1.0516		5.2370		4.9820		
2014-04-24	1.5667		5.3030		5.1150		
2014-04-23	1.0781		5.2540		4.9940		
2014-04-22	1.9729		5.7620		5.0160		
2014-04-21	2.0222		5.3160		4.8480		
2014-04-20	2.3530		4.8530		
2014-04-18	1.1773		4.7970		4.8550		
2014-04-17	1.4728		4.9260		4.7840		
2014-04-16	2.0516		4.7350		4.6890		
2014-04-15	1.1187		4.2700		4.4320		
2014-04-14	1.1335		4.7540		4.4300		
2014-04-13	2.2458		4.7620		
2014-04-11	1.4253		4.7880		4.4130		
2014-04-10	1.1057		4.6410		4.3600		
2014-04-09	1.1603		4.6430		4.4430		
2014-04-08	2.0473		4.5940		4.4420		
2014-04-07	3.4433		4.1050		
2014-04-04	1.1448		4.0170		
2014-04-03	1.1080		4.0790		4.6270		
2014-04-02	1.0672		4.2420		4.6370		
2014-04-01	1.1089		4.2910		4.6410		
2014-03-31	1.0712		4.7200		4.6520		
2014-03-30	2.2039		4.7530		
2014-03-28	1.2644		4.8110		4.9630		
2014-03-27	1.4208		5.1750		5.1850		
2014-03-26	1.1599		5.0320		5.3530		
2014-03-25	1.9319		4.9900		5.4210		
2014-03-24	1.1355		4.5840		5.6090		
2014-03-23	2.3145		5.1720		
2014-03-21	1.9623		5.2290		5.6720		
2014-03-20	1.1457		5.1950		5.6290		
2014-03-19	1.0805		5.6740		5.6690		
2014-03-18	1.1535		5.8520		5.7640		
2014-03-17	2.2617		6.6330		5.8130		
2014-03-16	2.4249		6.1730		
2014-03-14	1.8972		6.2440		5.5890		
2014-03-13	2.0633		6.0640		5.5630		
2014-03-12	1.4225		5.6650		5.9290		
2014-03-11	2.6511		5.6760		5.9080		
2014-03-10	1.3794		4.9920		5.5650		
2014-03-09	2.5614		5.0050		
2014-03-07	1.5512		5.1350		5.5690		
2014-03-06	1.2982		5.0620		5.3530		
2014-03-05	1.4450		6.1940		5.8100		
2014-03-04	1.3386		6.1390		5.8550		
2014-03-03	1.4046		6.1390		5.9230		
2014-03-02	2.8105		6.1330		
2014-02-28	1.4115		6.1930		5.9900		
2014-02-27	3.4686		6.2190		6.1860		
2014-02-26	1.3396		5.4250		5.6950		
2014-02-25	1.3382		5.5720		5.7730		
2014-02-24	1.3940		5.7080		5.8530		
2014-02-23	2.9257		5.8460		
2014-02-21	1.4599		6.0490		5.9200		
2014-02-20	1.9473		6.1540		6.0790		
2014-02-19	1.6201		5.9650		5.9760		
2014-02-18	1.5996		5.9740		5.9830		
2014-02-17	1.6593		5.9980		6.0010		
2014-02-16	3.3144		5.9940		
2014-02-14	1.6619		6.0270		5.9940		
2014-02-13	1.5853		6.0400		6.0400		
2014-02-12	1.6361		6.0560		5.9900		
2014-02-11	1.6468		6.0440		5.9600		
2014-02-10	1.6501		6.0280		6.0510		
2014-02-09	3.3780		6.0090		
2014-02-07	1.6876		5.9320		6.0380		
2014-02-06	11.333		5.9090		
2014-01-30	1.6420		6.5260		6.2530		
2014-01-29	1.5214		6.4960		6.6980		
2014-01-28	1.9983		6.5200		6.7520		
2014-01-27	1.5981		6.2990		6.6730		
2014-01-26	3.1635		6.6520		
2014-01-24	2.5931		6.7830		6.7020		
2014-01-23	1.5828		6.3230		6.5450		
2014-01-22	1.5689		6.9010		6.5780		
2014-01-21	1.5738		6.9840		6.6270		
2014-01-20	2.2753		7.0470		6.6500		
2014-01-19	3.4141		6.7530		
2014-01-17	1.7108		6.7640		6.4900		
2014-01-16	2.6923		6.7670		6.4430		
2014-01-15	1.7274		6.2540		6.1830		
2014-01-14	1.6950		6.2710		6.1770		
2014-01-13	1.7108		6.2540		6.3290		
2014-01-12	3.4367		6.2270		
2014-01-10	1.7164		6.1540		6.3310		
2014-01-09	1.7075		6.1190		6.3630		
2014-01-08	1.7599		6.1180		6.9390		
2014-01-07	1.6620		6.0800		6.9090		
2014-01-06	1.6602		6.4040		6.8930		
2014-01-05	3.2955		6.4340		
2014-01-03	1.6495		6.5500		6.8650		
2014-01-02	1.7071		6.6070		6.7140		
2014-01-01	1.6854		7.7600		
2013-12-31	2.2850		7.7390		6.5020		
2013-12-30	1.7164		7.3820		6.2810		
2013-12-29	3.5180		7.2960		
2013-12-27	1.7592		6.9810		6.1800		
2013-12-26	3.9184		6.8220		6.2700		
2013-12-25	1.6441		5.4690		5.6060		
2013-12-24	1.6011		5.3150		5.6830		
2013-12-23	1.5510		5.1790		5.6190		
2013-12-22	2.9150		5.0640		
2013-12-20	1.4528		5.0020		5.6690		
2013-12-19	1.3247		5.7190		5.5860		
2013-12-18	1.3477		5.7430		5.5900		
2013-12-17	1.3416		6.0510		5.5300		
2013-12-16	1.3295		6.0580		5.5220		
2013-12-15	2.7974		6.2730		
2013-12-13	2.8272		6.2240		5.5200		
2013-12-12	1.3700		5.4530		5.3580		
2013-12-11	1.9399		5.4360		5.1300		
2013-12-10	1.3544		5.0090		4.7640		
2013-12-09	1.7424		4.9850		4.7540		
2013-12-08	2.7020		4.7670		
2013-12-06	1.3486		4.7240		4.6350		
2013-12-05	1.3386		5.2630		4.6090		
2013-12-04	1.1199		4.8240		4.6260		
2013-12-03	1.3086		4.5180		4.5500		
2013-12-02	1.3249		4.5220		4.5290		
2013-12-01	2.6197		4.5030		
2013-11-29	2.3820		4.5120		4.4660		
2013-11-28	0.4957		3.9560		4.1720		
2013-11-27	0.5345		4.4270		4.3800		
2013-11-26	1.3158		4.5820		4.5840		
2013-11-25	1.2883		4.5360		4.5770		
2013-11-24	2.6359		4.4290		
2013-11-22	1.3160		4.4020		4.5760		
2013-11-21	1.4004		4.3890		4.5580		
2013-11-20	0.8310		4.3330		4.5280		
2013-11-19	1.2280		4.5870		4.6460		
2013-11-18	1.0831		4.6180		4.6560		
2013-11-17	2.5843		4.7220		
2013-11-15	1.2909		4.7250		4.7050		
2013-11-14	1.2921		4.7260		4.6850		
2013-11-13	1.3180		4.7230		4.6770		
2013-11-12	1.2880		4.7050		4.6540		
2013-11-11	1.2828		4.6940		4.6350		
2013-11-10	2.5905		4.6880		
2013-11-08	1.2923		4.6580		4.6210		
2013-11-07	1.2870		4.6440		4.5740		
2013-11-06	1.2826		4.6300		4.5670		
2013-11-05	1.2674		4.6020		4.5710		
2013-11-04	1.2709		4.5760		4.5750		
2013-11-03	2.5325		4.5540		
2013-11-01	1.2664		4.5220		4.5860		
2013-10-31	1.2590		4.5040		4.6270		
2013-10-30	1.2304		4.5050		4.9040		
2013-10-29	1.2163		4.5400		4.9300		
2013-10-28	1.2293		4.5740		5.1790		
2013-10-27	2.4709		4.6190		
2013-10-25	1.2320		4.7050		5.1910		
2013-10-24	1.2612		4.7500		5.2110		
2013-10-23	1.2966		5.3030		5.2240		
2013-10-22	1.2814		5.3200		5.2140		
2013-10-21	1.3153		5.7840		5.2550		
2013-10-20	2.6365		5.7640		
2013-10-18	1.3189		5.7030		5.3560		
2013-10-17	2.3205		5.6710		5.4530		
2013-10-16	1.3293		5.1450		5.0760		
2013-10-15	2.1718		5.1080		5.1080		
2013-10-14	1.2773		4.6780		4.6780		
2013-10-13	2.5195		4.6790		
2013-10-11	1.2572		4.6970		4.6700		
2013-10-10	1.3113		4.7080		4.6360		
2013-10-09	1.2593		4.6910		4.8840		
2013-10-08	1.3478		4.7000		4.8830		
2013-10-07	8.9440		4.6640		
2013-09-30	1.2753		5.0220		5.0600		
2013-09-29	2.4305		4.9840		
2013-09-27	1.2140		6.2340		5.2070		
2013-09-26	2.2634		6.2030		
2013-09-25	1.2535		5.6170		5.4860		
2013-09-24	1.1942		5.5560		5.3910		
2013-09-23	1.2030		5.4950		5.4530		
2013-09-22	7.1217		5.4300		
2013-09-18	1.1360		5.3560		5.3570		
2013-09-17	1.0767		5.2260		5.0180		
2013-09-16	1.0791		5.4110		5.0170		
2013-09-15	2.0088		5.4170		
2013-09-13	2.7300		5.5200		5.0160		
2013-09-12	2.2406		5.3020		4.5930		
2013-09-11	0.8868		4.7050		4.2820		
2013-09-10	1.4312		4.8100		4.3410		
2013-09-09	1.0917		4.6230		4.2480		
2013-09-08	2.2064		4.6140		
2013-09-06	2.3109		4.5580		4.2420		
2013-09-05	1.0964		3.8850		4.0430		
2013-09-04	1.0878		3.8590		4.1650		
2013-09-03	1.0734		3.8730		4.1910		
2013-09-02	1.0741		3.8730		4.2130		
2013-09-01	2.0982		3.8700		
2013-08-30	1.0211		4.0820		4.2370		
2013-08-29	1.0458		4.2010		4.3680		
2013-08-28	1.1152		4.4720		4.4040		
2013-08-27	1.0741		4.5080		4.3820		
2013-08-26	1.0677		4.5520		4.5250		
2013-08-25	2.5048		4.6040		
2013-08-23	1.2492		4.5570		4.5720		
2013-08-22	1.5655		4.5340		4.6470		
2013-08-21	1.1851		4.3360		4.5760		
2013-08-20	1.1584		4.2560		4.6530		
2013-08-19	1.1669		4.4980		4.6970		
2013-08-18	2.4139		4.5390		
2013-08-16	1.2061		4.5820		4.7430		
2013-08-15	1.1851		4.7610		4.8540		
2013-08-14	1.0325		4.8160		4.8950		
2013-08-13	1.6213		5.0500		4.9750		
2013-08-12	1.2468		4.8960		4.8730		
2013-08-11	2.4957		4.9470		
2013-08-09	1.5486		5.0510		4.8870		
2013-08-08	1.2908		4.9470		4.8590		
2013-08-07	1.4812		4.9740		4.8700		
2013-08-06	1.3273		4.9000		4.8250		
2013-08-05	1.3433		4.8490		4.8370		
2013-08-04	2.6967		4.8280		
2013-08-02	1.3486		4.7920		4.8710		
2013-08-01	1.3425		4.7710		4.9680		
2013-07-31	1.3384		4.7650		5.0020		
2013-07-30	1.2304		4.7500		5.0580		
2013-07-29	1.3031		4.8250		5.2740		
2013-07-28	2.6265		4.9140		
2013-07-26	1.3091		5.0790		5.5910		
2013-07-25	1.3307		5.1650		5.7950		
2013-07-24	1.3091		5.2390		5.8800		
2013-07-23	1.3756		5.3660		5.9890		
2013-07-22	1.4723		5.7230		6.0890		
2013-07-21	2.9447		6.2680		
2013-07-19	1.4724		6.3720		6.3370		
2013-07-18	1.4730		6.4250		6.5310		
2013-07-17	1.5521		6.5210		6.6470		
2013-07-16	2.0619		6.6120		6.6930		
2013-07-15	2.5172		6.4550		6.6300		
2013-07-14	3.1428		6.4060		
2013-07-12	1.5755		6.5630		6.4060		
2013-07-11	1.6567		6.6380		6.3960		
2013-07-10	1.7256		6.7720		6.3870		
2013-07-09	1.7614		6.7740		6.3390		
2013-07-08	2.4230		6.8050		6.2300		
2013-07-07	3.4442		6.4050		
2013-07-05	1.7186		6.2340		5.9250		
2013-07-04	1.9150		6.1540		5.3130		
2013-07-03	1.7287		6.0010		5.4560		
2013-07-02	1.8210		5.9040		5.1680		
2013-07-01	1.6566		5.6550		4.8860		
2013-06-30	3.1152		5.4440		
2013-06-28	1.5664		4.8000		4.6540		
2013-06-27	1.6207		4.4720		3.9320		
2013-06-26	1.5433		4.9110		3.7800		
2013-06-25	1.3425		4.4320		3.6250		
2013-06-24	1.2534		4.1170		3.5090		
2013-06-23	1.8790		3.8630		
2013-06-21	0.9374		3.5530		4.2980		
2013-06-20	2.4630		3.3930		3.8860		
2013-06-19	0.6248		4.0010		3.4550		
2013-06-18	0.7371		4.1130		3.5620		
2013-06-17	0.7678		4.1360		3.5840		
2013-06-16	1.2834		4.1420		
2013-06-14	0.6302		4.2970		3.6080		
2013-06-13	3.6294		4.3790		3.7830		
2013-06-12	3.9819		2.9100		
2013-06-07	0.7862		3.1490		3.4480		
2013-06-06	0.8119		3.1880		3.6530		
2013-06-05	1.0356		3.9350		3.6670		
2013-06-04	0.8186		3.9520		3.7420		
2013-06-03	0.8607		3.9550		3.7680		
2013-06-02	1.7267		4.0480		
2013-05-30	2.2448		4.1180		3.8380		
2013-05-29	1.0683		3.3990		3.4950		
2013-05-28	0.8237		3.5320		3.4600		
2013-05-27	1.0400		3.5820		3.6480		
2013-05-26	1.6441		3.5240		
2013-05-24	1.0765		3.6360		3.6270		
2013-05-23	0.8660		3.5580		3.6540		
2013-05-22	1.3227		3.5920		3.6720		
2013-05-21	0.9201		3.3880		3.7020		
2013-05-20	0.9287		3.7140		3.7080		
2013-05-19	1.8582		3.7300		
2013-05-17	0.9279		3.7430		4.0100		
2013-05-16	0.9306		3.7490		4.0850		
2013-05-15	0.9314		3.7530		
2013-05-14	1.5468		4.0160		4.2000		
2013-05-13	0.9589		3.7020		4.0680		
2013-05-12	1.8823		4.2900		
2013-05-10	0.9405		4.3450		4.2600		
2013-05-09	0.9374		4.4210		4.0050		
2013-05-08	1.4362		4.7340		4.1090		
2013-05-07	0.9440		4.4500		3.9680		
2013-05-06	2.0873		4.4220		3.9580		
2013-05-05	1.9884		3.7990		
2013-05-03	1.0860		3.6910		3.6540		
2013-05-02	1.5371		3.5880		3.6060		
2013-05-01	4.4558		3.4840		
2013-04-26	0.8891		3.5440		3.4600		
2013-04-25	1.3377		3.6240		3.5520		
2013-04-24	0.8935		3.4080		3.4480		
2013-04-23	0.9059		3.4320		3.4610		
2013-04-22	0.9059		3.4320		3.4610		
2013-04-21	1.8506		3.4990		
2013-04-19	1.0426		3.5130		3.4930		
2013-04-18	0.9230		3.4790		3.4840		
2013-04-17	0.9393		3.4870		3.5060		
2013-04-16	0.9891		3.4900		3.5430		
2013-04-15	0.9663		3.4910		3.5570		
2013-04-14	1.8775		3.4990		
2013-04-12	0.9771		3.5480		3.6890		
2013-04-11	0.9380		3.5520		4.0620		
2013-04-10	0.9454		3.5770		4.0670		
2013-04-09	0.9903		3.5950		4.0680		
2013-04-08	0.9815		3.6230		4.0550		
2013-04-07	3.9424		3.8790		
2013-04-03	0.9810		4.5570		4.0160		
2013-04-02	1.0442		4.5410		4.3980		
2013-04-01	1.4713		4.4860		4.3750		
2013-03-31	1.9196		4.2240		
2013-03-29	2.3668		4.2280		4.2320		
2013-03-28	0.9568		3.7210		4.5300		
2013-03-27	0.9505		3.7130		4.4770		
2013-03-26	0.9390		4.2550		4.4290		
2013-03-25	0.9690		4.2600		4.4210		
2013-03-24	1.9272		4.2400		
2013-03-22	1.3936		4.1880		4.3620		
2013-03-21	0.9423		5.3400		4.1090		
2013-03-20	1.9883		5.2400		4.0830		
2013-03-19	0.9578		4.6040		3.8640		
2013-03-18	0.9231		4.5780		3.8260		
2013-03-17	1.8273		4.4830		
2013-03-15	3.6015		4.3480		3.8430		
2013-03-14	0.7517		2.8780		3.3860		
2013-03-13	0.7685		2.9260		3.4440		
2013-03-12	0.9081		3.1230		3.4710		
2013-03-11	0.7412		3.0750		3.4640		
2013-03-10	1.5667		3.2020		
2013-03-08	0.7830		3.3740		3.5930		
2013-03-07	0.8432		3.8950		4.1280		
2013-03-06	1.1478		3.9620		4.2610		
2013-03-05	0.8148		3.8180		4.5980		
2013-03-04	0.9851		3.8540		4.6500		
2013-03-03	1.8964		3.9830		
2013-03-01	1.7827		4.0030		4.7310		
2013-02-28	0.9717		4.3610		4.8080		
2013-02-27	0.8720		4.5600		4.9480		
2013-02-26	0.8830		5.3770		5.1690		
2013-02-25	0.8830		5.3770		5.1690		
2013-02-24	1.9347		5.3160		
2013-02-22	2.4685		6.4730		5.3160		
2013-02-21	1.3543		5.6920		4.6100		
2013-02-20	2.4381		5.4910		4.4690		
2013-02-19	1.0172		4.7240		4.0390		
2013-02-18	0.9829		4.6970		3.9670		
2013-02-17	10.926		4.6890		
2013-02-08	0.9630		3.9830		4.7180		
2013-02-07	0.8120		3.9540		4.6350		
2013-02-06	0.7882		5.6720		4.6260		
2013-02-05	0.7438		5.7060		4.6550		
2013-02-04	2.5069		6.2990		5.1860		
2013-02-03	1.8243		5.4250		
2013-02-01	0.9082		5.3480		4.7540		
2013-01-31	4.1064		5.3150		4.7570		
2013-01-30	0.8528		3.5810		4.1870		
2013-01-29	1.8810		3.6040		4.1990		
2013-01-28	0.8322		4.0730		3.9430		
2013-01-27	1.6759		4.0820		
2013-01-25	0.8446		4.1630		4.5150		
2013-01-24	0.7808		4.1990		4.7500		
2013-01-23	0.8970		4.7940		4.9100		
2013-01-22	2.7799		4.7940		4.9150		
2013-01-21	0.8500		3.8130		4.7300		
2013-01-20	1.8319		4.9480		
2013-01-18	0.9138		5.0260		5.2060		
2013-01-17	1.9209		5.3000		5.7150		
2013-01-16	0.8971		5.0270		5.5850		
2013-01-15	0.8992		5.0360		5.8420		
2013-01-14	3.0268		5.6480		5.3250		
2013-01-13	1.9805		5.4640		
2013-01-11	1.4397		5.3160		4.2730		
2013-01-10	1.3975		5.0060		4.0120		
2013-01-09	0.9144		4.7180		3.8940		
2013-01-08	2.0721		4.6810		4.2340		
2013-01-07	2.6750		4.0410		4.0030		
2013-01-06	1.6965		3.0820		
2013-01-04	0.8451		3.0390		3.5570		
2013-01-03	2.5334		3.0170		
2012-12-31	0.8358		3.9650		3.6080		
2012-12-30	1.6143		4.0320		
2012-12-28	0.8025		4.0880		3.7430		
2012-12-27	0.9465		4.1610		3.8400		
2012-12-26	2.2192		4.2130		3.9340		
2012-12-25	1.1852		3.5210		3.7340		
2012-12-24	0.9642		3.4780		3.7550		
2012-12-23	1.7230		3.4540		
2012-12-21	0.9424		3.4800		3.7340		
2012-12-20	1.0466		3.5200		3.6900		
2012-12-19	0.8909		3.6550		3.6340		
2012-12-18	1.1025		3.9470		3.6270		
2012-12-17	0.9189		4.0330		3.5560		
2012-12-16	1.7733		4.0130		
2012-12-14	1.0176		3.9580		3.5380		
2012-12-13	1.3065		3.8600		3.4360		
2012-12-12	1.4508		3.6130		3.5570		
2012-12-11	1.2675		3.3080		3.3790		
2012-12-10	0.8810		3.0780		3.3100		
2012-12-09	1.6668		3.0640		
2012-12-07	0.8304		3.0110		3.3350		
2012-12-06	0.8331		3.0110		3.3560		
2012-12-05	0.8646		3.5010		3.3670		
2012-12-04	0.8276		3.4500		3.5950		
2012-12-03	0.8530		3.5410		3.7490		
2012-12-02	1.5654		3.6070		
2012-11-30	0.8313		3.6870		3.7570		
2012-11-29	1.7726		3.7010		3.8890		
2012-11-28	0.7658		3.2320		3.6560		
2012-11-27	1.0028		3.7410		3.6900		
2012-11-26	0.9789		3.9580		3.9970		
2012-11-25	1.7193		3.9080		
2012-11-23	0.8594		3.9420		4.0690		
2012-11-22	0.8723		4.0760		4.3400		
2012-11-21	1.7411		4.0800		4.3400		
2012-11-20	1.4198		3.6400		4.1250		
2012-11-19	0.8827		4.0370		4.0700		
2012-11-18	1.7852		4.2300		
2012-11-16	1.1157		4.2680		4.1270		
2012-11-15	0.8801		4.6040		4.1690		
2012-11-14	0.8973		4.6010		4.1550		
2012-11-13	2.1804		4.6110		4.1410		
2012-11-12	1.2542		4.1040		3.9730		
2012-11-11	1.8566		4.0240		
2012-11-09	1.7615		3.9640		3.8490		
2012-11-08	0.8731		3.7340		3.5350		
2012-11-07	0.9165		3.7100		3.5590		
2012-11-06	1.2084		3.6720		3.5570		
2012-11-05	1.1012		3.8410		3.4840		
2012-11-04	1.7424		3.6730		
2012-11-02	1.3186		3.6060		3.4160		
2012-11-01	0.8282		3.3370		3.2540		
2012-10-31	0.8428		3.4080		3.3380		
2012-10-30	1.5339		3.4420		3.3150		
2012-10-29	0.7788		3.1280		3.1140		
2012-10-28	1.6130		3.1590		
2012-10-26	0.8034		3.1540		3.2600		
2012-10-25	0.9645		3.1710		3.2600		
2012-10-24	0.9067		3.2670		3.1760		
2012-10-23	0.9317		3.1890		3.2180		
2012-10-22	0.8386		3.1010		3.1890		
2012-10-21	1.6042		3.3610		
2012-10-19	0.8366		3.2770		
2012-10-18	1.1472		3.2170		4.8350		
2012-10-17	0.7569		3.0860		4.9000		
2012-10-16	0.7639		3.2470		5.1370		
2012-10-15	1.3361		3.2760		5.4310		
2012-10-14	1.4435		5.5100		
2012-10-12	0.7225		5.1390		5.5100		
2012-10-11	0.8957		4.9540		3.1430		
2012-10-10	1.0648		4.6770		2.9890		
2012-10-09	0.8206		4.3130		3.0440		
2012-10-08	5.6192		4.0760		3.0030		
2012-10-07	3.2916		1.3360		
2012-09-28	2.2940		2.6170		2.1460		
2012-09-27	0.3048		2.8470		2.8880		
2012-09-26	1.2755		3.1080		3.3270		
2012-09-25	0.6630		2.8650		3.1370		
2012-09-24	0.8029		2.9420		3.1550		
2012-09-23	1.6097		2.9440		
2012-09-21	0.8045		2.9350		3.1490		
2012-09-20	0.8043		2.9300		3.0900		
2012-09-19	0.8101		3.5460		3.0730		
2012-09-18	0.8108		3.4090		3.0560		
2012-09-17	0.8060		3.3680		3.0350		
2012-09-16	1.5935		3.3550		
2012-09-14	0.7936		3.2850		3.0150		
2012-09-13	1.9868		3.2500		2.9840		
2012-09-12	0.5476		2.6010		2.7090		
2012-09-11	0.7307		2.7020		2.7280		
2012-09-10	0.7818		2.7030		
2012-09-09	1.4593		2.6750		
2012-09-07	0.7259		2.6640		
2012-09-06	0.7421		2.7180		
2012-09-05	0.7427		2.8170		
2012-09-04	0.7321		2.7530		
2012-09-03	0.7288		2.8410		
2012-09-02	1.4381		2.9300		
2012-08-31	0.8289		3.1190		
2012-08-30	0.9313		3.1560		
2012-08-29	0.6209		3.1390		
2012-08-28	0.8999		3.2850		3.3570		
2012-08-27	0.8999		3.2850		
2012-08-26	1.7997		3.2850		
2012-08-24	0.8999		3.2850		
2012-08-23	0.8999		3.2850		
2012-08-22	0.8999		3.2850		
2012-08-21	0.8999		3.2850		
2012-08-20	0.8999		3.4390		
2012-08-19	1.7997		
2012-08-17	0.8999		
2012-08-16	0.8999		
2012-08-15	0.8999		
2012-08-14	1.1965		
