2014-06-03	1.1169		5.1800		4.8240		
2014-06-02	3.3167		5.7750		
2014-05-30	2.2520		5.7410		4.7790		
2014-05-29	2.1542		5.1360		4.7580		
2014-05-28	1.0944		5.8290		4.6840		
2014-05-27	2.2583		5.8470		4.6390		
2014-05-26	1.0690		6.3600		4.5620		
2014-05-25	2.1828		6.3490		
2014-05-23	1.0915		6.3250		4.6800		
2014-05-22	3.4831		6.3120		4.7160		
2014-05-21	1.1281		5.6550		4.5660		
2014-05-20	3.2432		5.6260		4.7900		
2014-05-19	1.0483		4.4960		4.6590		
2014-05-18	2.1359		4.5110		
2014-05-16	1.0659		4.5390		4.6580		
2014-05-15	2.2239		5.6830		4.6970		
2014-05-14	1.0724		5.0950		4.6270		
2014-05-13	1.0770		5.0960		4.6880		
2014-05-12	1.0755		5.0850		4.7190		
2014-05-11	2.1904		5.0610		
2014-05-09	3.2591		5.4950		4.8110		
2014-05-08	1.0977		4.3180		4.7180		
2014-05-07	1.0727		4.2670		4.7250		
2014-05-06	1.0559		4.2250		4.7120		
2014-05-05	1.0308		4.1760		4.7200		
2014-05-04	5.0236		4.8370		
2014-04-30	0.9928		4.2500		4.7360		
2014-04-29	0.9613		4.2390		4.7670		
2014-04-28	2.2984		4.2480		4.7900		
2014-04-27	1.9644		3.5470		
2014-04-25	0.9707		3.6120		5.0940		
2014-04-24	0.9631		3.8050		5.1700		
2014-04-23	0.9716		4.9470		5.1990		
2014-04-22	0.9793		5.3900		5.2280		
2014-04-21	0.9529		5.4130		5.2590		
2014-04-20	2.0897		5.4600		
2014-04-18	1.3413		5.4490		5.3190		
2014-04-17	3.1520		5.2860		5.3830		
2014-04-16	1.8224		4.1810		5.2770		
2014-04-15	1.0224		3.7760		5.2530		
2014-04-14	1.0437		3.7380		5.2870		
2014-04-13	2.0676		3.7340		
2014-04-11	1.0300		3.7380		5.3310		
2014-04-10	1.0320		3.7400		5.4120		
2014-04-09	1.0463		3.7230		5.4410		
2014-04-08	0.9487		3.6820		5.4690		
2014-04-07	3.1110		3.7170		
2014-04-04	1.0340		3.6020		4.1030		
2014-04-03	1.0004		3.5690		5.6300		
2014-04-02	0.9670		3.5580		5.6680		
2014-04-01	1.0160		3.5900		5.7100		
2014-03-31	0.9549		4.7780		5.7500		
2014-03-30	1.9360		4.8360		
2014-03-28	0.9705		4.9940		5.6620		
2014-03-27	0.9788		7.1610		5.7620		
2014-03-26	1.0286		7.1990		5.7990		
2014-03-25	3.2952		7.2120		5.8350		
2014-03-24	1.0657		6.1530		5.7190		
2014-03-23	2.2377		6.1640		
2014-03-21	5.1277		6.2390		5.7270		
2014-03-20	1.0517		4.7400		5.5600		
2014-03-19	1.0530		5.0220		5.5900		
2014-03-18	1.2647		5.8810		5.6200		
2014-03-17	1.0861		5.8610		5.6340		
2014-03-16	2.3813		5.9290		
2014-03-14	2.2533		5.8990		5.7040		
2014-03-13	1.5926		5.3090		5.7150		
2014-03-12	2.7003		5.0970		5.7130		
2014-03-11	1.2273		4.3630		5.6410		
2014-03-10	1.2152		4.4050		5.6680		
2014-03-09	2.3251		4.4650		
2014-03-07	1.1207		4.6850		5.7380		
2014-03-06	1.1870		4.8180		5.8230		
2014-03-05	1.2920		7.9030		5.8490		
2014-03-04	1.3078		7.9590		5.8690		
2014-03-03	1.3298		7.9920		5.8900		
2014-03-02	2.7483		8.0620		
2014-02-28	1.3760		8.2160		5.9100		
2014-02-27	7.1035		8.2870		5.9580		
2014-02-26	1.3988		5.4310		5.6460		
2014-02-25	1.3703		5.5040		5.7860		
2014-02-24	1.4652		5.5980		5.7990		
2014-02-23	3.0438		5.6440		
2014-02-21	1.5120		5.6560		5.8710		
2014-02-20	1.6257		5.6630		5.8780		
2014-02-19	1.5387		5.5820		5.8350		
2014-02-18	1.5498		5.5670		5.8230		
2014-02-17	1.5550		5.5360		5.8080		
2014-02-16	3.0652		5.4770		
2014-02-14	1.5252		5.3960		5.7910		
2014-02-13	1.4713		5.3570		5.7830		
2014-02-12	1.5107		5.3040		5.7430		
2014-02-11	1.4902		5.2310		5.7290		
2014-02-10	1.4406		5.1670		5.7200		
2014-02-09	2.9114		5.1300		
2014-02-07	1.4503		5.0400		5.7110		
2014-02-06	9.6314		5.0220		
2014-01-30	1.4128		5.2800		5.6250		
2014-01-29	1.3950		5.3340		5.6860		
2014-01-28	1.4197		5.4060		5.6410		
2014-01-27	1.4755		5.4610		5.6130		
2014-01-26	2.9552		5.4660		
2014-01-24	1.4674		5.6790		5.5710		
2014-01-23	1.5169		5.7900		5.5800		
2014-01-22	1.5321		5.8720		5.5680		
2014-01-21	1.5262		5.9610		5.5290		
2014-01-20	1.4854		6.0460		5.6190		
2014-01-19	3.3632		6.1380		
2014-01-17	1.6805		6.1570		5.5270		
2014-01-16	1.6738		6.1670		5.4960		
2014-01-15	1.7029		6.1730		5.4320		
2014-01-14	1.6900		6.2310		5.3890		
2014-01-13	1.6620		6.2200		5.3670		
2014-01-12	3.3988		6.2070		
2014-01-10	1.6989		6.1380		5.3370		
2014-01-09	1.6853		6.1020		5.2930		
2014-01-08	1.8147		6.0680		5.2680		
2014-01-07	1.6700		5.9640		5.2190		
2014-01-06	1.6364		5.9380		5.1960		
2014-01-05	3.2664		5.9530		
2014-01-03	1.6302		6.0150		5.1670		
2014-01-02	1.6201		6.0440		5.1180		
2014-01-01	1.6153		7.1640		
2013-12-31	1.6188		7.1530		5.0840		
2013-12-30	1.6667		7.7150		5.0490		
2013-12-29	3.3841		7.6020		
2013-12-27	1.6868		7.2720		5.0170		
2013-12-26	3.7678		7.1000		4.9590		
2013-12-25	1.5947		5.8340		4.8020		
2013-12-24	2.6955		5.6760		4.7680		
2013-12-23	1.4497		4.9340		4.6830		
2013-12-22	2.7511		4.8490		
2013-12-20	1.3582		4.7930		4.6770		
2013-12-19	1.3394		4.7730		4.6600		
2013-12-18	1.2912		4.7360		4.6580		
2013-12-17	1.2730		4.7580		4.6650		
2013-12-16	1.2869		4.7650		4.8740		
2013-12-15	2.6429		4.7640		
2013-12-13	1.3204		4.7500		4.8540		
2013-12-12	1.2689		4.7410		4.8550		
2013-12-11	1.3320		4.7580		4.8540		
2013-12-10	1.2870		4.7280		4.8350		
2013-12-09	1.2849		4.7250		4.8330		
2013-12-08	2.6158		4.7070		
2013-12-06	1.3035		4.6510		4.8300		
2013-12-05	1.3025		4.6260		4.8340		
2013-12-04	1.2734		4.4370		4.8350		
2013-12-03	1.2820		4.2690		4.8380		
2013-12-02	1.2493		4.3060		4.8410		
2013-12-01	2.5097		4.3380		
2013-11-29	1.2547		4.3990		4.8670		
2013-11-28	0.9412		4.4290		4.8830		
2013-11-27	0.9503		5.5170		4.8250		
2013-11-26	1.3530		5.4090		4.8200		
2013-11-25	1.3111		5.0750		5.0130		
2013-11-24	2.6254		4.7320		
2013-11-22	1.3129		4.7390		4.9850		
2013-11-21	3.0276		4.7420		4.9950		
2013-11-20	0.7425		3.8500		4.8910		
2013-11-19	0.7131		4.1520		4.9290		
2013-11-18	0.6530		4.4580		4.9500		
2013-11-17	2.6389		4.7870		
2013-11-15	1.3190		4.7600		4.9270		
2013-11-14	1.3177		4.7460		4.9320		
2013-11-13	1.3211		4.7320		4.9200		
2013-11-12	1.3009		4.7170		4.8710		
2013-11-11	1.2834		4.7010		4.8580		
2013-11-10	2.5870		4.6940		
2013-11-08	1.2927		4.6810		4.8230		
2013-11-07	1.2903		4.6730		4.8290		
2013-11-06	1.2923		4.6590		4.8190		
2013-11-05	1.2692		4.6350		4.7890		
2013-11-04	1.2698		4.6280		4.7810		
2013-11-03	2.5621		4.6130		
2013-11-01	1.2786		4.5470		4.7640		
2013-10-31	1.2626		4.5180		4.7680		
2013-10-30	1.2467		4.5230		4.7220		
2013-10-29	1.2554		4.5550		4.6910		
2013-10-28	1.2417		4.5840		4.6480		
2013-10-27	2.4363		4.6220		
2013-10-25	1.2220		4.7300		4.6380		
2013-10-24	1.2728		4.7790		4.6470		
2013-10-23	1.3075		6.5940		4.6400		
2013-10-22	1.3119		6.5860		4.6300		
2013-10-21	1.3133		6.4200		4.6210		
2013-10-20	2.6428		6.3830		
2013-10-18	1.3176		6.2840		4.6120		
2013-10-17	4.7532		6.2330		4.5930		
2013-10-16	1.2919		4.4070		4.3760		
2013-10-15	0.9929		4.3830		4.3070		
2013-10-14	1.2430		4.7200		4.3240		
2013-10-13	2.4536		4.6750		
2013-10-11	1.2186		4.6110		4.3270		
2013-10-10	1.2513		4.5880		4.3190		
2013-10-09	1.2472		4.5470		4.3190		
2013-10-08	1.6374		4.5090		4.3300		
2013-10-07	8.1833		4.2670		
2013-09-30	1.1728		5.9870		4.3310		
2013-09-29	2.3442		5.9190		
2013-09-27	1.1673		5.9270		4.3420		
2013-09-26	4.5844		5.9330		
2013-09-25	1.1351		4.1570		4.1520		
2013-09-24	1.0778		4.1780		4.1650		
2013-09-23	1.0431		4.2120		4.1830		
2013-09-22	4.7170		4.2490		
2013-09-18	1.1745		4.0290		4.3010		
2013-09-17	1.1430		3.8760		4.3170		
2013-09-16	1.1154		3.8730		4.3400		
2013-09-15	2.1375		3.8830		
2013-09-13	1.0647		3.9610		4.3660		
2013-09-12	1.0914		4.0010		4.4090		
2013-09-11	0.8811		4.0270		4.4760		
2013-09-10	1.1369		4.1630		4.5150		
2013-09-09	1.1344		4.1650		4.5400		
2013-09-08	2.2887		3.8400		
2013-09-06	1.1410		3.8070		4.5640		
2013-09-05	1.1402		3.7870		4.6020		
2013-09-04	1.1435		3.4650		4.6580		
2013-09-03	1.1406		3.4840		4.6810		
2013-09-02	0.5098		3.4960		4.7030		
2013-09-01	2.2268		3.8320		
2013-08-30	1.1013		3.9510		4.7600		
2013-08-29	0.5235		4.0150		4.7970		
2013-08-28	1.1794		4.3520		4.8550		
2013-08-27	1.1646		4.3440		4.8690		
2013-08-26	1.1526		4.3210		4.8830		
2013-08-25	2.4561		4.3760		
2013-08-23	1.2239		4.4060		4.8870		
2013-08-22	1.1695		3.7770		4.9080		
2013-08-21	1.1637		3.8270		4.9050		
2013-08-20	1.1210		3.8730		4.8910		
2013-08-19	1.2576		3.9290		5.3490		
2013-08-18	2.5149		3.9210		
2013-08-16	0.0161		3.9340		5.2000		
2013-08-15	1.2669		4.5820		5.3080		
2013-08-14	1.2507		4.3320		5.2370		
2013-08-13	1.2285		4.5610		5.0370		
2013-08-12	1.2424		4.5970		5.0460		
2013-08-11	2.5403		4.6050		
2013-08-09	1.2578		4.5550		5.0550		
2013-08-08	0.7880		4.5340		5.0780		
2013-08-07	1.6902		4.7690		5.1960		
2013-08-06	1.2967		4.5250		4.9750		
2013-08-05	1.2585		4.4890		4.9420		
2013-08-04	2.4443		4.4870		
2013-08-02	1.2178		4.4690		4.8800		
2013-08-01	1.2380		4.4600		4.9020		
2013-07-31	1.2230		4.5240		4.8730		
2013-07-30	1.2280		4.6100		4.7830		
2013-07-29	1.2542		4.7870		4.7580		
2013-07-28	2.4089		4.9240		
2013-07-26	1.2007		5.2940		4.7930		
2013-07-25	1.3616		5.4780		4.8140		
2013-07-24	1.3869		5.5210		4.7930		
2013-07-23	1.5675		5.6040		4.6970		
2013-07-22	1.5179		5.5960		4.6470		
2013-07-21	3.1173		5.5920		
2013-07-19	1.5536		5.5830		4.5690		
2013-07-18	1.4451		5.5810		4.5130		
2013-07-17	1.5450		5.6290		4.5080		
2013-07-16	1.5538		5.6380		4.4130		
2013-07-15	1.5098		5.6390		4.4590		
2013-07-14	3.0999		5.6540		
2013-07-12	1.5492		5.6460		4.4850		
2013-07-11	1.5384		5.6400		4.4250		
2013-07-10	1.5621		5.6390		4.5140		
2013-07-09	1.5546		5.6100		4.4320		
2013-07-08	1.5393		5.5760		4.4830		
2013-07-07	3.0838		5.5360		
2013-07-05	1.5373		5.3400		4.4250		
2013-07-04	1.5371		5.2490		4.3640		
2013-07-03	1.5075		5.1830		4.3220		
2013-07-02	1.4883		5.0970		4.2430		
2013-07-01	1.4627		4.9500		4.2230		
2013-06-30	2.7090		4.7740		
2013-06-28	1.3627		4.6270		
2013-06-27	1.4102		4.5420		4.1640		
2013-06-26	1.3416		8.3810		4.1340		
2013-06-25	1.2072		7.7580		4.0030		
2013-06-24	1.1246		7.1530		3.9790		
2013-06-23	2.4275		6.6260		
2013-06-21	1.2000		5.6370		3.9430		
2013-06-20	8.7725		5.1410		3.9190		
2013-06-19	0.1469		1.9190		3.6180		
2013-06-18	0.0466		2.3100		3.5630		
2013-06-17	0.1145		2.7260		3.5980		
2013-06-16	0.5308		3.1080		
2013-06-14	0.2476		3.7140		3.6210		
2013-06-13	2.5930		4.0240		3.7440		
2013-06-12	4.2820		3.0630		
2013-06-07	0.8420		2.8780		3.5810		
2013-06-06	0.7497		2.8530		3.6280		
2013-06-05	0.7748		2.8830		3.6430		
2013-06-04	0.7823		3.1080		3.6580		
2013-06-03	0.7768		3.7180		3.6100		
2013-06-02	1.5945		3.8500		
2013-05-30	0.8075		3.8580		3.6590		
2013-05-29	1.2052		3.8150		3.6720		
2013-05-28	1.9521		3.5460		3.7510		
2013-05-27	1.0310		2.9380		3.6810		
2013-05-26	1.4229		3.1130		
2013-05-24	0.9806		3.2210		3.6680		
2013-05-23	0.7242		3.1320		3.7060		
2013-05-22	0.6892		3.9650		3.7150		
2013-05-21	0.7872		4.1390		3.6780		
2013-05-20	1.3660		4.8440		3.6770		
2013-05-19	1.6294		5.6780		
2013-05-17	0.8100		5.7550		3.6630		
2013-05-16	2.3228		5.7960		3.6980		
2013-05-15	1.0226		5.8420		3.5950		
2013-05-14	2.1392		5.7850		3.5280		
2013-05-13	2.9659		5.1210		3.4750		
2013-05-12	1.7766		4.0210		
2013-05-10	0.8887		3.9900		3.3300		
2013-05-09	2.4103		3.9670		3.3340		
2013-05-08	0.9136		3.2050		3.2160		
2013-05-07	0.8654		3.1480		3.3150		
2013-05-06	0.8577		3.1160		3.3770		
2013-05-05	1.7161		3.0880		
2013-05-03	0.8448		3.0310		
2013-05-02	0.9492		3.0070		3.4940		
2013-05-01	4.0190		2.9280		
2013-04-26	0.7981		4.1320		3.4520		
2013-04-25	0.7978		3.9250		3.4970		
2013-04-24	0.7962		3.8380		3.5070		
2013-04-23	0.8174		3.7080		
2013-04-22	0.8174		3.7080		3.5140		
2013-04-21	0.8071		2.1620		
2013-04-19	0.4013		2.4900		3.7730		
2013-04-18	0.6315		2.8530		3.8790		
2013-04-17	0.5469		2.9350		3.9060		
2013-04-16	0.9476		3.0300		
2013-04-15	0.8110		2.9320		
2013-04-14	1.4373		2.9090		
2013-04-12	1.0968		2.9900		
2013-04-11	0.7889		2.8330		
2013-04-10	0.7297		2.8360		
2013-04-09	0.7597		2.8690		
2013-04-08	0.7670		3.1140		4.1290		
2013-04-07	3.1832		3.2420		
2013-04-03	0.7930		4.3590		
2013-04-02	1.2295		4.4280		
2013-04-01	1.0111		4.2520		4.5680		
2013-03-31	1.6595		4.1820		
2013-03-29	2.8895		4.0140		4.6150		
2013-03-28	0.7772		2.9090		4.5420		
2013-03-27	0.9254		2.9010		
2013-03-26	0.8919		2.7690		
2013-03-25	0.8775		3.0700		4.6290		
2013-03-24	1.3359		2.9530		
2013-03-22	0.7702		2.9100		4.7110		
2013-03-21	0.7630		2.8340		4.7950		
2013-03-20	0.6718		3.0880		4.8300		
2013-03-19	1.4673		3.0460		4.8710		
2013-03-18	0.6551		2.7290		4.8550		
2013-03-17	1.2527		2.6510		
2013-03-15	0.6261		2.8320		4.8980		
2013-03-14	1.2495		3.9290		5.0050		
2013-03-13	0.5909		4.2650		5.0130		
2013-03-12	0.8591		4.7100		5.0630		
2013-03-11	0.5065		5.3160		5.0650		
2013-03-10	1.5991		5.5490		
2013-03-08	2.7299		5.5760		5.0390		
2013-03-07	1.8941		4.5840		4.9990		
2013-03-06	1.4437		4.0050		
2013-03-05	2.0213		3.6550		4.9600		
2013-03-04	0.9534		3.0280		4.8890		
2013-03-03	1.6523		2.9300		
2013-03-01	0.8257		2.9720		
2013-02-28	0.7850		3.0010		
2013-02-27	0.7723		4.0390		4.7180		
2013-02-26	0.8187		7.1290		4.7210		
2013-02-25	0.8187		7.1290		4.7210		
2013-02-24	1.7335		8.8870		
2013-02-22	0.8806		8.9280		
2013-02-21	2.7756		8.9410		4.8450		
2013-02-20	6.6986		7.9660		4.7240		
2013-02-19	0.8509		4.9460		4.5180		
2013-02-18	4.1042		4.9750		4.5230		
2013-02-17	8.1553		3.3070		
2013-02-08	0.9033		6.1310		
2013-02-07	0.8851		6.0900		4.3340		
2013-02-06	2.5114		6.7400		4.2830		
2013-02-05	4.9747		6.5670		4.1830		
2013-02-04	0.8290		4.4160		3.9360		
2013-02-03	1.6543		4.7420		
2013-02-01	0.8244		4.7890		
2013-01-31	2.1318		5.6960		
2013-01-30	2.1793		5.6970		3.9010		
2013-01-29	0.8509		5.0210		3.7970		
2013-01-28	1.4544		5.0380		3.7980		
2013-01-27	1.7438		4.9160		
2013-01-25	2.5629		4.9410		
2013-01-24	2.1341		4.0690		
2013-01-23	0.8834		3.9500		3.5820		
2013-01-22	0.8832		4.5830		3.5650		
2013-01-21	1.2203		4.6070		3.5630		
2013-01-20	1.7922		4.4340		
2013-01-18	0.8903		4.4050		
2013-01-17	1.9069		4.3900		
2013-01-16	2.0967		4.4790		3.4840		
2013-01-15	0.9296		3.8780		3.3990		
2013-01-14	0.8871		3.8740		3.3950		
2013-01-13	1.7368		3.8830		
2013-01-11	0.8621		3.8120		
2013-01-10	2.0781		3.7780		
2013-01-09	0.9444		3.1110		3.3370		
2013-01-08	0.9207		3.0350		3.3260		
2013-01-07	0.9051		2.9710		3.3230		
2013-01-06	1.5997		2.9130		
2013-01-04	0.7972		2.9240		3.3040		
2013-01-03	2.3958		2.9240		
2012-12-31	0.7940		3.3850		
2012-12-30	1.6199		3.5990		
2012-12-28	0.7982		3.7300		
2012-12-27	0.8364		4.0930		
2012-12-26	1.1557		5.3280		
2012-12-25	1.2875		5.2160		
2012-12-24	1.2052		4.9820		
2012-12-23	1.8702		4.7980		
2012-12-21	1.4943		4.7130		
2012-12-20	3.2044		4.3790		
2012-12-19	0.9416		3.1500		3.0950		
2012-12-18	0.8389		3.0690		
2012-12-17	0.8525		3.0700		
2012-12-16	1.7078		3.0680		
2012-12-14	0.8529		3.0250		
2012-12-13	0.8479		2.9820		
2012-12-12	0.7848		2.9640		
2012-12-11	0.8423		2.9610		
2012-12-10	0.8489		2.9270		
2012-12-09	1.6251		2.9290		
2012-12-07	0.7695		2.9720		
2012-12-06	0.8143		3.0220		
2012-12-05	0.7784		3.0500		
2012-12-04	0.7771		3.0670		
2012-12-03	0.8525		3.0020		
2012-12-02	1.7073		3.0060		
2012-11-30	0.8665		3.0060		
2012-11-29	0.8671		2.9990		
2012-11-28	0.8118		2.9900		
2012-11-27	0.6521		3.0180		
2012-11-26	0.8611		3.1240		
2012-11-25	1.7072		3.1270		
2012-11-23	0.8531		3.1370		
2012-11-22	0.8488		3.1410		
2012-11-21	0.8656		3.1480		
2012-11-20	0.8563		3.1460		
2012-11-19	0.8652		3.2080		
2012-11-18	1.7263		3.2420		
2012-11-16	0.8622		3.2400		
2012-11-15	0.8624		3.2380		
2012-11-14	0.8607		3.2470		
2012-11-13	0.9745		3.2320		
2012-11-12	0.9307		3.1670		
2012-11-11	1.7224		3.0530		
2012-11-09	0.8589		3.0210		
2012-11-08	0.8797		3.0060		
2012-11-07	0.8321		2.9810		
2012-11-06	0.8493		2.9810		
2012-11-05	0.7123		2.9710		
2012-11-04	1.6610		3.0340		
2012-11-02	0.8302		3.0350		
2012-11-01	0.8317		3.0360		
2012-10-26	0.8320		3.0680		
2012-10-19	1.2429		4.5370		
