2014-06-03	1.1963		5.4690		5.1140		
2014-06-02	3.5551		6.0670		
2014-05-30	2.3314		6.0330		5.0690		
2014-05-29	2.2304		5.4270		5.0480		
2014-05-28	1.1754		6.1220		4.9740		
2014-05-27	2.3436		6.1390		4.9290		
2014-05-26	1.1476		6.6490		4.8520		
2014-05-25	2.3417		6.6390		
2014-05-23	1.1699		6.6140		4.9690		
2014-05-22	3.5621		6.6010		5.0050		
2014-05-21	1.2077		5.9440		4.8550		
2014-05-20	3.3233		5.9150		5.0790		
2014-05-19	1.1268		4.7860		4.9470		
2014-05-18	2.2948		4.8000		
2014-05-16	1.1448		4.8280		4.9470		
2014-05-15	2.3028		5.9720		4.9860		
2014-05-14	1.1520		5.3840		4.9150		
2014-05-13	1.1565		5.3860		4.9770		
2014-05-12	1.1548		5.3790		5.0080		
2014-05-11	2.3493		5.3560		
2014-05-09	3.3370		5.7890		5.1000		
2014-05-08	1.1767		4.6140		5.0070		
2014-05-07	1.1556		4.5630		5.0140		
2014-05-06	1.1424		4.5190		5.0010		
2014-05-05	1.1105		4.4670		5.0080		
2014-05-04	5.3414		5.1280		
2014-04-30	1.0724		4.5400		5.0240		
2014-04-29	1.0423		4.5290		5.0540		
2014-04-28	2.3776		4.5370		5.0770		
2014-04-27	2.1233		3.8360		
2014-04-25	1.0498		3.9010		5.3810		
2014-04-24	1.0415		4.0940		5.4570		
2014-04-23	1.0503		5.2360		5.4860		
2014-04-22	1.0589		5.6800		5.5150		
2014-04-21	1.0323		5.7020		5.5460		
2014-04-20	2.2486		5.7500		
2014-04-18	1.4207		5.7380		5.6060		
2014-04-17	3.2307		5.5760		5.6700		
2014-04-16	1.9015		4.4710		5.5640		
2014-04-15	1.1021		4.0650		5.5400		
2014-04-14	1.1232		4.0270		5.5740		
2014-04-13	2.2266		4.0230		
2014-04-11	1.1093		4.0270		5.6180		
2014-04-10	1.1111		4.0290		5.7000		
2014-04-09	1.1243		4.0120		5.7280		
2014-04-08	1.0283		3.9710		5.7560		
2014-04-07	3.3494		4.0050		
2014-04-04	1.1136		3.8900		4.3950		
2014-04-03	1.0788		3.8540		5.9180		
2014-04-02	1.0447		3.8410		5.9560		
2014-04-01	1.0946		3.8730		5.9980		
2014-03-31	1.0329		5.0600		6.0380		
2014-03-30	2.0949		5.1190		
2014-03-28	1.0456		5.2760		5.9490		
2014-03-27	1.0526		7.4460		6.0500		
2014-03-26	1.1065		7.4860		6.0880		
2014-03-25	3.3714		7.4990		6.1240		
2014-03-24	1.1453		6.4420		6.0070		
2014-03-23	2.3966		6.4520		
2014-03-21	5.2067		6.5270		6.0160		
2014-03-20	1.1299		5.0280		5.8480		
2014-03-19	1.1319		5.3110		5.8780		
2014-03-18	1.3439		6.1700		5.9090		
2014-03-17	1.1651		6.1500		5.9230		
2014-03-16	2.5402		6.2170		
2014-03-14	2.3322		6.1880		5.9920		
2014-03-13	1.6718		5.5940		6.0040		
2014-03-12	2.7792		5.3790		6.0020		
2014-03-11	1.3069		4.6430		5.9290		
2014-03-10	1.2932		4.6860		5.9570		
2014-03-09	2.4840		4.7450		
2014-03-07	1.1927		4.9650		6.0270		
2014-03-06	1.2593		5.1020		6.1120		
2014-03-05	1.3680		8.1900		6.1380		
2014-03-04	1.3892		8.2470		6.1580		
2014-03-03	1.4062		8.2800		6.1790		
2014-03-02	2.9072		8.3530		
2014-02-28	1.4543		8.5070		6.2000		
2014-02-27	7.1822		8.5780		6.2480		
2014-02-26	1.4779		5.7230		5.9360		
2014-02-25	1.4518		5.7960		6.0750		
2014-02-24	1.5454		5.8890		6.0890		
2014-02-23	3.2028		5.9350		
2014-02-21	1.5910		5.9460		6.1610		
2014-02-20	1.7064		5.9530		6.1680		
2014-02-19	1.6178		5.8710		6.1250		
2014-02-18	1.6297		5.8570		6.1130		
2014-02-17	1.6342		5.8260		6.0980		
2014-02-16	3.2241		5.7670		
2014-02-14	1.6040		5.6870		6.0820		
2014-02-13	1.5502		5.6480		6.0740		
2014-02-12	1.5897		5.5950		6.0340		
2014-02-11	1.5706		5.5220		6.0200		
2014-02-10	1.5220		5.4580		6.0100		
2014-02-09	3.0703		5.4200		
2014-02-07	1.5298		5.3300		6.0010		
2014-02-06	10.187		5.3120		
2014-01-30	1.4925		5.5690		5.9150		
2014-01-29	1.4737		5.6230		5.9760		
2014-01-28	1.4994		5.6950		5.9320		
2014-01-27	1.5547		5.7500		5.9030		
2014-01-26	3.1141		5.7550		
2014-01-24	1.5466		5.9680		5.8610		
2014-01-23	1.5962		6.0790		5.8710		
2014-01-22	1.6105		6.1610		5.8580		
2014-01-21	1.6062		6.2500		5.8200		
2014-01-20	1.5642		6.3360		5.9100		
2014-01-19	3.5221		6.4280		
2014-01-17	1.7593		6.4470		5.8170		
2014-01-16	1.7526		6.4560		5.7860		
2014-01-15	1.7817		6.4620		5.7230		
2014-01-14	1.7708		6.5210		5.6800		
2014-01-13	1.7410		6.5100		5.6580		
2014-01-12	3.5577		6.4960		
2014-01-10	1.7774		6.4270		5.6280		
2014-01-09	1.7643		6.3910		5.5840		
2014-01-08	1.8940		6.3560		5.5590		
2014-01-07	1.7504		6.2520		5.5100		
2014-01-06	1.7150		6.2250		5.4870		
2014-01-05	3.4253		6.2410		
2014-01-03	1.7084		6.3030		5.4580		
2014-01-02	1.6972		6.3330		5.4090		
2014-01-01	1.6948		7.4540		
2013-12-31	1.6982		7.4450		5.3750		
2013-12-30	1.7458		8.0100		5.3400		
2013-12-29	3.5430		7.8970		
2013-12-27	1.7661		7.5670		5.3080		
2013-12-26	3.8483		7.3980		5.2500		
2013-12-25	1.6761		6.1310		5.0930		
2013-12-24	2.7827		5.9720		5.0590		
2013-12-23	1.5293		5.2270		4.9730		
2013-12-22	2.9100		5.1420		
2013-12-20	1.4409		5.0860		4.9660		
2013-12-19	1.4197		5.0640		4.9500		
2013-12-18	1.3709		5.0270		4.9480		
2013-12-17	1.3539		5.0480		4.9550		
2013-12-16	1.3665		5.0560		5.1630		
2013-12-15	2.8018		5.0540		
2013-12-13	1.3999		5.0400		5.1430		
2013-12-12	1.3482		5.0310		5.1450		
2013-12-11	1.4115		5.0490		5.1430		
2013-12-10	1.3678		5.0180		5.1240		
2013-12-09	1.3640		5.0140		5.1220		
2013-12-08	2.7747		4.9960		
2013-12-06	1.3829		4.9410		5.1200		
2013-12-05	1.3814		4.9150		5.1230		
2013-12-04	1.3523		4.7270		5.1250		
2013-12-03	1.3612		4.5590		5.1280		
2013-12-02	1.3292		4.5960		5.1310		
2013-12-01	2.6686		4.6280		
2013-11-29	1.3335		4.6890		5.1570		
2013-11-28	1.0199		4.7190		5.1730		
2013-11-27	1.0300		5.8070		5.1150		
2013-11-26	1.4337		5.6990		5.1100		
2013-11-25	1.3904		5.3650		5.3030		
2013-11-24	2.7843		5.0210		
2013-11-22	1.3922		5.0280		5.2760		
2013-11-21	3.1069		5.0310		5.2850		
2013-11-20	0.8211		4.1400		5.1810		
2013-11-19	0.7931		4.4420		5.2190		
2013-11-18	0.7323		4.7490		5.2400		
2013-11-17	2.7978		5.0770		
2013-11-15	1.3981		5.0500		5.2170		
2013-11-14	1.3971		5.0370		5.2230		
2013-11-13	1.4004		5.0230		5.2100		
2013-11-12	1.3815		5.0080		5.1610		
2013-11-11	1.3627		4.9910		5.1490		
2013-11-10	2.7459		4.9840		
2013-11-08	1.3719		4.9710		5.1140		
2013-11-07	1.3698		4.9630		5.1190		
2013-11-06	1.3717		4.9480		5.1090		
2013-11-05	1.3494		4.9240		5.0790		
2013-11-04	1.3489		4.9170		5.0710		
2013-11-03	2.7210		4.9020		
2013-11-01	1.3576		4.8370		5.0540		
2013-10-31	1.3414		4.8060		5.0590		
2013-10-30	1.3254		4.8100		5.0120		
2013-10-29	1.3359		4.8410		4.9820		
2013-10-28	1.3200		4.8710		4.9380		
2013-10-27	2.5952		4.9080		
2013-10-25	1.2987		5.0160		4.9280		
2013-10-24	1.3496		5.0670		4.9380		
2013-10-23	1.3846		6.8830		4.9300		
2013-10-22	1.3940		6.8770		4.9200		
2013-10-21	1.3913		6.7100		4.9120		
2013-10-20	2.8017		6.6740		
2013-10-18	1.3965		6.5750		4.9030		
2013-10-17	4.8329		6.5240		4.8840		
2013-10-16	1.3719		4.6970		4.6680		
2013-10-15	1.0745		4.6760		4.5980		
2013-10-14	1.3219		5.0120		4.6140		
2013-10-13	2.6125		4.9680		
2013-10-11	1.2974		4.9040		4.6170		
2013-10-10	1.3304		4.8810		4.6100		
2013-10-09	1.3316		4.8400		4.6090		
2013-10-08	1.7183		4.7990		4.6200		
2013-10-07	8.7395		4.5570		
2013-09-30	1.2523		6.2790		4.6210		
2013-09-29	2.5031		6.2120		
2013-09-27	1.2471		6.2190		4.6320		
2013-09-26	4.6659		6.2250		
2013-09-25	1.2148		4.4490		4.4410		
2013-09-24	1.1594		4.4690		4.4550		
2013-09-23	1.1229		4.5030		4.4730		
2013-09-22	5.0348		4.5400		
2013-09-18	1.2543		4.3190		4.5910		
2013-09-17	1.2230		4.1660		4.6060		
2013-09-16	1.1944		4.1620		4.6300		
2013-09-15	2.2964		4.1720		
2013-09-13	1.1442		4.2510		4.6560		
2013-09-12	1.1708		4.2910		4.6980		
2013-09-11	0.9603		4.3160		4.7660		
2013-09-10	1.2167		4.4530		4.8040		
2013-09-09	1.2133		4.4550		4.8290		
2013-09-08	2.4476		4.1290		
2013-09-06	1.2202		4.0970		4.8540		
2013-09-05	1.2195		4.0760		4.8910		
2013-09-04	1.2227		3.7540		4.9480		
2013-09-03	1.2199		3.7730		4.9710		
2013-09-02	0.5885		3.7870		4.9930		
2013-09-01	2.3857		4.1230		
2013-08-30	1.1801		4.2420		5.0500		
2013-08-29	0.6029		4.3060		5.0870		
2013-08-28	1.2595		4.6430		5.1450		
2013-08-27	1.2465		4.6340		5.1590		
2013-08-26	1.2317		4.6130		5.1730		
2013-08-25	2.6150		4.6670		
2013-08-23	1.3033		4.6980		5.1770		
2013-08-22	1.2486		4.0670		5.1980		
2013-08-21	1.2427		4.1180		5.1950		
2013-08-20	1.2053		4.1630		5.1810		
2013-08-19	1.3361		4.2160		5.6400		
2013-08-18	2.6738		4.2080		
2013-08-16	0.0940		4.2220		5.4910		
2013-08-15	1.3459		4.8690		5.5990		
2013-08-14	1.3296		4.6200		5.5280		
2013-08-13	1.3064		4.8490		5.3280		
2013-08-12	1.3210		4.8850		5.3370		
2013-08-11	2.6992		4.8930		
2013-08-09	1.3365		4.8430		5.3460		
2013-08-08	0.8667		4.8230		5.3700		
2013-08-07	1.7687		5.0570		5.4870		
2013-08-06	1.3763		4.8140		5.2670		
2013-08-05	1.3370		4.7780		5.2340		
2013-08-04	2.6032		4.7760		
2013-08-02	1.2976		4.7580		5.1720		
2013-08-01	1.3164		4.7470		5.1940		
2013-07-31	1.3020		4.8120		5.1650		
2013-07-30	1.3079		4.8970		5.0750		
2013-07-29	1.3325		5.0760		5.0500		
2013-07-28	2.5678		5.2140		
2013-07-26	1.2774		5.5830		5.0850		
2013-07-25	1.4403		5.7690		5.1060		
2013-07-24	1.4661		5.8120		5.0860		
2013-07-23	1.6500		5.8950		4.9890		
2013-07-22	1.5973		5.8880		4.9390		
2013-07-21	3.2762		5.8840		
2013-07-19	1.6331		5.8750		4.8610		
2013-07-18	1.5242		5.8720		4.8050		
2013-07-17	1.6247		5.9210		4.8000		
2013-07-16	1.6359		5.9300		4.7050		
2013-07-15	1.5895		5.9300		4.7510		
2013-07-14	3.2588		5.9450		
2013-07-12	1.6289		5.9370		4.7770		
2013-07-11	1.6173		5.9300		4.7180		
2013-07-10	1.6413		5.9300		4.8060		
2013-07-09	1.6361		5.9020		4.7240		
2013-07-08	1.6188		5.8660		4.7750		
2013-07-07	3.2427		5.8270		
2013-07-05	1.6167		5.6310		4.7170		
2013-07-04	1.6169		5.5400		4.6560		
2013-07-03	1.5872		5.4740		4.6140		
2013-07-02	1.5682		5.3870		4.5360		
2013-07-01	1.5425		5.2410		4.5160		
2013-06-30	2.8679		5.0650		
2013-06-28	1.4424		4.9180		4.4970		
2013-06-27	1.4891		4.8330		4.4570		
2013-06-26	1.4215		8.6790		4.4270		
2013-06-25	1.2887		8.0560		4.2960		
2013-06-24	1.2043		7.4510		4.2710		
2013-06-23	2.5864		6.9240		
2013-06-21	1.2795		5.9350		4.2360		
2013-06-20	8.8644		5.4410		4.2120		
2013-06-19	0.2274		2.2130		3.9110		
2013-06-18	0.1282		2.6030		3.8560		
2013-06-17	0.1936		3.0190		3.8910		
2013-06-16	0.6897		3.4010		
2013-06-14	0.3323		4.0070		3.9140		
2013-06-13	2.6725		4.3140		4.0360		
2013-06-12	4.6792		3.3530		
2013-06-07	0.9218		3.1700		3.8730		
2013-06-06	0.8294		3.1440		3.9200		
2013-06-05	0.8541		3.1740		3.9350		
2013-06-04	0.8635		3.3990		3.9500		
2013-06-03	0.8564		4.0090		3.9020		
2013-06-02	1.7534		4.1410		
2013-05-30	0.8868		4.1490		3.9510		
2013-05-29	1.2850		4.1060		3.9630		
2013-05-28	2.0336		3.8360		4.0430		
2013-05-27	1.1101		3.2280		3.9720		
2013-05-26	1.5818		3.4030		
2013-05-24	1.0594		3.5110		3.9590		
2013-05-23	0.8038		3.4220		3.9970		
2013-05-22	0.7682		4.2560		4.0070		
2013-05-21	0.8680		4.4300		3.9690		
2013-05-20	1.4451		5.1380		3.9680		
2013-05-19	1.7883		5.9720		
2013-05-17	0.8888		6.0490		3.9540		
2013-05-16	2.4028		6.0900		3.9890		
2013-05-15	1.1037		6.1360		3.8860		
2013-05-14	2.2246		6.0780		3.8190		
2013-05-13	3.0452		5.4120		3.7650		
2013-05-12	1.9355		4.3120		
2013-05-10	0.9678		4.2810		3.6200		
2013-05-09	2.4901		4.2610		3.6240		
2013-05-08	0.9934		3.5000		3.5070		
2013-05-07	0.9464		3.4420		3.6050		
2013-05-06	0.9366		3.4090		3.6670		
2013-05-05	1.8750		3.3820		
2013-05-03	0.9297		3.3250		
2013-05-02	1.0309		3.2990		3.7830		
2013-05-01	4.4162		3.2180		
2013-04-26	0.8793		4.4310		3.7400		
2013-04-25	0.8767		4.2230		3.7850		
2013-04-24	0.8751		4.1360		3.7950		
2013-04-23	0.9001		4.0060		
2013-04-22	0.9001		4.0060		3.8020		
2013-04-21	0.9660		2.4500		
2013-04-19	0.4807		2.7780		4.0620		
2013-04-18	0.7099		3.1410		4.1680		
2013-04-17	0.6258		3.2230		4.1950		
2013-04-16	1.0264		3.3180		
2013-04-15	0.8896		3.2200		
2013-04-14	1.5962		3.1980		
2013-04-12	1.1753		3.2780		
2013-04-11	0.8677		3.1220		
2013-04-10	0.8079		3.1260		
2013-04-09	0.8388		3.1590		
2013-04-08	0.8468		3.4040		4.4180		
2013-04-07	3.5010		3.5310		
2013-04-03	0.8724		4.6480		
2013-04-02	1.3080		4.7170		
2013-04-01	1.0903		4.5410		4.8580		
2013-03-31	1.8184		4.4710		
2013-03-29	2.9685		4.3020		4.9040		
2013-03-28	0.8560		3.1970		4.8310		
2013-03-27	1.0044		3.1890		
2013-03-26	0.9708		3.0570		
2013-03-25	0.9563		3.3600		4.9180		
2013-03-24	1.4948		3.2410		
2013-03-22	0.8486		3.1970		5.0000		
2013-03-21	0.8415		3.1210		5.0840		
2013-03-20	0.7507		3.3740		5.1190		
2013-03-19	1.5457		3.3310		5.1610		
2013-03-18	0.7334		3.0130		5.1450		
2013-03-17	1.4116		2.9360		
2013-03-15	0.7034		3.1160		5.1870		
2013-03-14	1.3257		4.2140		5.2950		
2013-03-13	0.6676		4.5510		5.3030		
2013-03-12	0.9365		4.9970		5.3530		
2013-03-11	0.5850		5.6030		5.3550		
2013-03-10	1.7580		5.8350		
2013-03-08	2.8083		5.8630		5.3290		
2013-03-07	1.9726		4.8690		5.2890		
2013-03-06	1.5223		4.2880		
2013-03-05	2.0990		3.9360		5.2510		
2013-03-04	1.0303		3.3090		5.1790		
2013-03-03	1.8112		3.2100		
2013-03-01	0.9023		3.2520		
2013-02-28	0.8589		3.2800		
2013-02-27	0.8476		4.3200		5.0090		
2013-02-26	0.8959		7.4360		5.0130		
2013-02-25	0.8959		7.4360		5.0130		
2013-02-24	1.8924		9.1970		
2013-02-22	0.9559		9.2380		
2013-02-21	2.8527		9.2530		5.1370		
2013-02-20	6.8239		8.2800		5.0160		
2013-02-19	0.9290		5.2350		4.8330		
2013-02-18	4.1836		5.2650		4.8390		
2013-02-17	8.8703		3.5970		
2013-02-08	0.9827		6.4190		
2013-02-07	0.9632		6.3770		4.6510		
2013-02-06	2.5901		7.0270		4.5990		
2013-02-05	5.0530		6.8540		4.4990		
2013-02-04	0.9073		4.7040		4.2520		
2013-02-03	1.8132		5.0310		
2013-02-01	0.9028		5.0780		
2013-01-31	2.2108		5.9840		
2013-01-30	2.2580		5.9860		4.2180		
2013-01-29	0.9299		5.3100		4.1130		
2013-01-28	1.5334		5.3270		4.1140		
2013-01-27	1.9027		5.2050		
2013-01-25	2.6422		5.2310		
2013-01-24	2.2129		4.3580		
2013-01-23	0.9626		4.2400		3.8990		
2013-01-22	0.9627		4.8730		3.8810		
2013-01-21	1.2996		4.8970		3.8790		
2013-01-20	1.9511		4.7230		
2013-01-18	0.9696		4.6940		
2013-01-17	1.9863		4.6800		
2013-01-16	2.1760		4.7690		3.8010		
2013-01-15	1.0091		4.1680		3.7150		
2013-01-14	0.9664		4.1640		3.7110		
2013-01-13	1.8957		4.1730		
2013-01-11	0.9415		4.1020		
2013-01-10	2.1576		4.0680		
2013-01-09	1.0237		3.4010		3.6540		
2013-01-08	1.0004		3.3250		3.6420		
2013-01-07	0.9846		3.2610		3.6390		
2013-01-06	1.7586		3.2030		
2013-01-04	0.8451		3.0390		3.5570		
2013-01-03	2.6342		3.2130		
2012-12-31	0.8732		3.6720		
2012-12-30	1.7783		3.8870		
2012-12-28	0.8768		4.0170		
2012-12-27	0.9145		4.3800		
2012-12-26	1.2336		5.8500		
2012-12-25	1.3662		5.7390		
2012-12-24	1.2844		5.5050		
2012-12-23	2.0286		5.3210		
2012-12-21	1.5735		5.2360		
2012-12-20	3.7320		4.9020		
2012-12-19	1.0208		3.4390		3.3800		
2012-12-18	0.9181		3.3580		
2012-12-17	0.9317		3.3590		
2012-12-16	1.8662		3.3580		
2012-12-14	0.9321		3.3150		
2012-12-13	0.9272		3.2710		
2012-12-12	0.8640		3.2540		
2012-12-11	0.9215		3.2500		
2012-12-10	0.9282		3.2160		
2012-12-09	1.7836		3.2180		
2012-12-07	0.8488		3.2610		
2012-12-06	0.8936		3.3110		
2012-12-05	0.8576		3.3390		
2012-12-04	0.8563		3.3560		
2012-12-03	0.9317		3.2910		
2012-12-02	1.8658		3.2960		
2012-11-30	0.9457		3.2960		
2012-11-29	0.9463		3.2890		
2012-11-28	0.8911		3.2790		
2012-11-27	0.7314		3.3070		
2012-11-26	0.9404		3.4140		
2012-11-25	1.8657		3.4160		
2012-11-23	0.9324		3.4260		
2012-11-22	0.9280		3.4300		
2012-11-21	0.9449		3.4380		
2012-11-20	0.9355		3.4350		
2012-11-19	0.9444		3.4970		
2012-11-18	1.8848		3.5310		
2012-11-16	0.9414		3.5290		
2012-11-15	0.9417		3.5270		
2012-11-14	0.9399		3.5360		
2012-11-13	1.0537		3.5210		
2012-11-12	1.0099		3.4560		
2012-11-11	1.8809		3.3420		
2012-11-09	0.9382		3.3100		
2012-11-08	0.9589		3.2950		
2012-11-07	0.9113		3.2700		
2012-11-06	0.9285		3.2700		
2012-11-05	0.7915		3.2600		
2012-11-04	1.8195		3.3230		
2012-11-02	0.9094		3.3240		
2012-11-01	0.9109		3.3250		
2012-10-26	0.9113		3.3570		
2012-10-19	1.2429		4.5370		
