2014-06-03	1.0133		3.6620		4.3310		
2014-06-02	2.9959		3.6630		
2014-05-30	0.9976		3.6780		4.3170		
2014-05-29	1.0054		3.6800		4.2640		
2014-05-28	1.0106		3.6840		4.2600		
2014-05-27	1.0161		3.6760		4.2800		
2014-05-26	0.9981		3.6780		4.3000		
2014-05-25	2.0259		3.6680		
2014-05-23	1.0006		3.6620		4.1940		
2014-05-22	1.0135		3.6520		4.2200		
2014-05-21	0.9955		3.6380		4.2110		
2014-05-20	1.0208		4.6940		4.2300		
2014-05-19	0.9777		4.7140		4.2480		
2014-05-18	2.0157		5.0190		
2014-05-16	0.9809		4.9040		4.1360		
2014-05-15	0.9861		4.8540		4.1540		
2014-05-14	3.0214		5.3580		4.1420		
2014-05-13	1.0583		4.2530		3.9050		
2014-05-12	1.5629		5.3570		3.9070		
2014-05-11	1.7951		5.0150		
2014-05-09	0.8856		5.0680		3.7590		
2014-05-08	1.9522		5.1010		6.7700		
2014-05-07	0.9029		4.5780		6.7580		
2014-05-06	3.1749		4.5990		6.8810		
2014-05-05	0.9069		3.4510		6.7070		
2014-05-04	3.7947		3.4760		
2014-04-30	0.9434		3.4930		7.7010		
2014-04-29	0.9741		3.4900		8.4330		
2014-04-28	0.9548		3.4720		8.4280		
2014-04-27	1.9265		3.4650		
2014-04-25	0.9579		3.4410		7.8130		
2014-04-24	0.9427		3.4300		8.0840		
2014-04-23	0.9378		3.4020		8.2390		
2014-04-22	0.9384		3.3710		8.4050		
2014-04-21	0.9413		3.3460		8.3970		
2014-04-20	1.8809		3.3610		
2014-04-18	0.9363		3.2750		7.7710		
2014-04-17	0.8898		3.2370		8.0450		
2014-04-16	0.8781		3.2960		8.2050		
2014-04-15	0.8903		8.3770		
2014-04-14	0.9697		8.3750		
2014-04-13	1.7162		
2014-04-11	0.8639		7.7750		
2014-04-10	1.0023		8.1160		
2014-04-09	25.367		8.2650		
2014-04-08	15.941		5.3570		
2014-04-07	3.3783		3.6970		
2014-04-04	1.0712		3.4240		5.7880		
2014-04-03	0.8250		3.3590		3.3750		
2014-04-02	0.9646		3.3680		3.3870		
2014-04-01	0.8513		3.3500		3.3830		
2014-03-31	0.9338		3.3760		3.3930		
2014-03-30	1.9207		3.3440		
2014-03-28	0.9464		3.2860		3.3870		
2014-03-27	0.8431		3.2650		3.3650		
2014-03-26	0.9195		3.2900		3.4340		
2014-03-25	0.9116		3.2670		4.5800		
2014-03-24	0.8712		3.2550		4.6950		
2014-03-23	1.8105		3.2570		
2014-03-21	0.9049		3.2700		4.7620		
2014-03-20	0.8913		3.2750		4.9820		
2014-03-19	0.8753		3.3190		5.0830		
2014-03-18	0.8886		3.3820		5.1860		
2014-03-17	0.8751		3.5540		5.2920		
2014-03-16	1.8356		3.6520		
2014-03-14	0.9142		3.7600		5.3900		
2014-03-13	0.9766		3.8170		5.6570		
2014-03-12	0.9953		3.7930		5.7380		
2014-03-11	1.2184		3.6700		5.8130		
2014-03-10	1.0633		3.3850		5.8540		
2014-03-09	2.0440		3.2940		
2014-03-07	1.0227		3.1620		5.9190		
2014-03-06	0.9306		3.1050		6.1810		
2014-03-05	0.7595		3.3330		6.2970		
2014-03-04	0.6724		8.0030		6.4510		
2014-03-03	0.8883		8.5860		6.6320		
2014-03-02	1.7902		8.8440		
2014-02-28	0.9142		9.4540		6.3500		
2014-02-27	1.3678		9.7320		6.6260		
2014-02-26	9.7159		9.8860		6.6800		
2014-02-25	1.7894		5.6880		5.6880		
2014-02-24	1.3827		5.6440		5.6620		
2014-02-23	2.9613		5.7700		
2014-02-21	1.4465		5.8980		5.7130		
2014-02-20	1.6645		5.9720		5.7520		
2014-02-19	1.6641		5.9380		5.7420		
2014-02-18	1.7050		5.8920		5.7300		
2014-02-17	1.6236		5.8020		5.7110		
2014-02-16	3.2082		5.7680		
2014-02-14	1.5879		5.7020		5.8030		
2014-02-13	1.5996		5.6630		5.8220		
2014-02-12	1.5746		5.6260		5.8210		
2014-02-11	1.5332		5.6010		5.8240		
2014-02-10	1.5586		5.5980		5.8520		
2014-02-09	3.0825		5.5820		
2014-02-07	1.5129		5.5680		5.9920		
2014-02-06	10.692		5.5750		
2014-01-30	1.5275		5.7620		6.0690		
2014-01-29	1.5041		5.7990		6.2010		
2014-01-28	1.5714		5.8400		6.2250		
2014-01-27	1.5884		5.8640		6.2550		
2014-01-26	3.1089		5.8450		
2014-01-24	1.7495		6.0380		6.3020		
2014-01-23	1.5987		6.0330		6.3430		
2014-01-22	1.5840		6.1000		6.3600		
2014-01-21	1.6164		6.1960		6.3800		
2014-01-20	1.5527		6.2800		6.3840		
2014-01-19	3.4789		6.3850		
2014-01-17	1.7394		6.4520		6.2520		
2014-01-16	1.7271		6.4790		6.1930		
2014-01-15	1.7691		6.4910		6.1900		
2014-01-14	1.7766		6.6600		6.1800		
2014-01-13	1.7547		6.6490		6.1170		
2014-01-12	3.6062		6.6240		
2014-01-10	1.7923		6.5100		6.1430		
2014-01-09	1.7493		6.4590		6.0450		
2014-01-08	2.0933		6.4280		6.0330		
2014-01-07	1.7561		6.2020		5.9780		
2014-01-06	1.7064		6.1780		5.9150		
2014-01-05	3.3873		6.2300		
2014-01-03	1.6939		6.3830		5.7180		
2014-01-02	1.6903		6.4520		5.6400		
2014-01-01	1.6592		6.4560		
2013-12-31	1.7105		6.4570		5.6220		
2013-12-30	1.8063		6.4800		5.5850		
2013-12-29	3.6812		6.3970		
2013-12-27	1.8259		6.0240		5.3890		
2013-12-26	1.6981		5.8330		5.2310		
2013-12-25	1.6614		5.7410		5.4150		
2013-12-24	1.7543		5.6130		5.3930		
2013-12-23	1.6479		5.3710		5.3560		
2013-12-22	2.9657		5.1770		
2013-12-20	1.4602		5.0070		5.1900		
2013-12-19	1.5216		6.0790		5.1430		
2013-12-18	1.4154		5.9500		5.1080		
2013-12-17	1.2895		5.8690		5.1050		
2013-12-16	1.2759		5.8210		5.1200		
2013-12-15	2.6394		5.8120		
2013-12-13	3.5163		5.7900		5.0090		
2013-12-12	1.2750		4.6240		4.7430		
2013-12-11	1.2593		4.6190		4.7390		
2013-12-10	1.1981		4.6200		4.7440		
2013-12-09	1.2586		4.6660		4.7570		
2013-12-08	2.5962		4.6700		
2013-12-06	1.2807		4.6050		4.7050		
2013-12-05	1.2649		4.5820		4.6900		
2013-12-04	1.2610		4.5670		4.6760		
2013-12-03	1.2875		4.5670		4.6780		
2013-12-02	1.2658		5.5680		4.6770		
2013-12-01	2.4722		5.5680		
2013-11-29	1.2354		5.5370		4.5920		
2013-11-28	1.2363		5.5210		4.5900		
2013-11-27	1.2619		5.4910		4.5930		
2013-11-26	3.2059		5.4550		4.5920		
2013-11-25	1.2659		4.4240		4.3410		
2013-11-24	2.4142		4.3580		
2013-11-22	1.2046		4.3400		4.4430		
2013-11-21	1.1777		4.3310		4.4590		
2013-11-20	1.1942		4.3490		4.4640		
2013-11-19	1.2277		4.3620		4.4680		
2013-11-18	1.1397		4.3710		4.4800		
2013-11-17	2.3791		4.4050		
2013-11-15	1.1866		4.4230		4.5460		
2013-11-14	1.2131		4.4330		4.5730		
2013-11-13	1.2195		4.4220		4.5780		
2013-11-12	1.2447		4.3960		4.5820		
2013-11-11	1.2054		4.3470		4.5900		
2013-11-10	2.4138		4.3180		
2013-11-08	1.2051		4.2660		4.6230		
2013-11-07	1.1929		4.2400		4.6450		
2013-11-06	1.1689		4.2120		4.6550		
2013-11-05	1.1514		4.1960		4.6690		
2013-11-04	1.1488		4.2100		4.6860		
2013-11-03	2.3136		4.2410		
2013-11-01	1.1558		4.2750		4.7050		
2013-10-31	1.1398		4.2850		4.7690		
2013-10-30	1.1386		4.8890		4.7890		
2013-10-29	1.1779		4.8660		4.8180		
2013-10-28	1.2079		4.9410		4.8430		
2013-10-27	2.3791		5.0010		
2013-10-25	1.1743		5.1490		4.7630		
2013-10-24	2.2988		5.2270		4.7950		
2013-10-23	1.0946		4.7360		4.6290		
2013-10-22	1.3212		4.8440		4.6510		
2013-10-21	1.3219		4.8370		4.6450		
2013-10-20	2.6637		4.8280		
2013-10-18	1.3251		4.7830		4.5530		
2013-10-17	1.3561		4.7630		4.5090		
2013-10-16	1.3017		4.7200		4.4800		
2013-10-15	1.3071		4.7700		4.4710		
2013-10-14	1.3052		4.7510		4.4430		
2013-10-13	2.5783		4.7340		
2013-10-11	1.2857		4.7160		4.3570		
2013-10-10	1.2744		4.7090		4.3180		
2013-10-09	1.3976		4.7080		4.3020		
2013-10-08	1.2698		4.6430		4.2700		
2013-10-07	8.9069		4.6440		
2013-09-30	1.2722		4.3490		3.9300		
2013-09-29	2.5376		4.2360		
2013-09-27	1.2590		4.0980		4.0800		
2013-09-26	1.1241		4.0350		
2013-09-25	1.2113		4.0420		4.0200		
2013-09-24	0.9363		4.0030		4.0070		
2013-09-23	1.0550		4.0960		4.0210		
2013-09-22	4.5489		4.1140		
2013-09-18	1.1366		3.9310		4.1650		
2013-09-17	1.1159		3.9410		4.1670		
2013-09-16	1.0885		3.9570		4.1800		
2013-09-15	2.1291		3.9800		
2013-09-13	1.0619		4.0460		4.1850		
2013-09-12	1.0060		4.0810		4.2300		
2013-09-11	1.1562		4.1480		4.2480		
2013-09-10	1.1479		4.1310		4.2490		
2013-09-09	1.1315		4.0730		4.2340		
2013-09-08	2.2559		4.0680		
2013-09-06	1.1286		4.0300		4.2550		
2013-09-05	1.1346		3.7820		4.2800		
2013-09-04	1.1246		3.7590		4.2840		
2013-09-03	1.0352		3.9610		4.2910		
2013-09-02	1.1235		3.9840		4.3170		
2013-09-01	2.1830		3.9460		
2013-08-30	0.6514		4.2190		4.3600		
2013-08-29	1.0912		4.5760		4.4560		
2013-08-28	1.5116		4.6820		4.4720		
2013-08-27	1.0803		4.4940		4.4350		
2013-08-26	1.0498		4.6670		4.4520		
2013-08-25	2.7072		4.7550		
2013-08-23	1.3355		4.6330		4.4590		
2013-08-22	1.2949		4.5800		4.4410		
2013-08-21	1.1516		4.5310		4.4320		
2013-08-20	1.4116		4.3520		4.4400		
2013-08-19	1.2184		4.2820		4.4340		
2013-08-18	2.4732		4.1800		
2013-08-16	1.2344		4.1010		4.4750		
2013-08-15	1.1995		4.0590		4.4940		
2013-08-14	0.8100		4.0840		4.4980		
2013-08-13	1.2760		4.3100		4.5510		
2013-08-12	1.0230		4.3030		4.5730		
2013-08-11	2.3212		4.4180		
2013-08-09	1.1541		4.5070		4.6940		
2013-08-08	1.2480		4.5520		4.7870		
2013-08-07	1.2437		4.5550		4.7950		
2013-08-06	1.2621		4.5610		4.8030		
2013-08-05	1.2429		4.5600		4.8610		
2013-08-04	2.4927		4.5460		
2013-08-02	1.2409		4.5330		5.1040		
2013-08-01	1.2525		4.5250		5.2070		
2013-07-31	1.2558		4.4780		5.2280		
2013-07-30	1.2614		4.4130		5.2500		
2013-07-29	1.2149		4.5120		5.3190		
2013-07-28	2.4686		4.5910		
2013-07-26	1.2255		4.7450		5.5100		
2013-07-25	1.1615		4.8220		5.6400		
2013-07-24	1.1311		4.7970		5.7170		
2013-07-23	1.4507		4.8320		5.7720		
2013-07-22	1.3674		4.8150		5.7720		
2013-07-21	2.7641		4.8560		
2013-07-19	1.3721		4.8160		5.5420		
2013-07-18	1.1134		4.8040		5.5360		
2013-07-17	1.1994		4.9480		5.5310		
2013-07-16	1.4171		5.2110		5.5710		
2013-07-15	1.4469		5.3550		5.5210		
2013-07-14	2.6864		5.4980		
2013-07-12	1.3503		5.9210		5.3810		
2013-07-11	1.3891		6.1240		5.4320		
2013-07-10	1.7038		6.3170		5.4450		
2013-07-09	1.6928		6.3530		5.4150		
2013-07-08	1.7217		6.4120		5.3850		
2013-07-07	3.4976		6.4560		
2013-07-05	1.7392		6.5140		4.9180		
2013-07-04	1.7593		6.5500		4.7230		
2013-07-03	1.7733		6.5950		4.8710		
2013-07-02	1.8053		6.5810		4.8150		
2013-07-01	1.8062		6.5740		4.6930		
2013-06-30	3.6102		6.3880		
2013-06-28	1.8078		5.5890		4.3780		
2013-06-27	1.8448		5.1470		4.2990		
2013-06-26	1.7460		4.7370		4.2180		
2013-06-25	1.7929		4.3770		4.1440		
2013-06-24	1.4498		4.0000		4.0190		
2013-06-23	2.0773		3.7780		
2013-06-21	0.9610		3.8410		3.8420		
2013-06-20	1.0578		3.9060		3.8280		
2013-06-19	1.0545		3.8880		3.8270		
2013-06-18	1.0715		3.8590		3.8260		
2013-06-17	1.0238		3.8210		
2013-06-16	2.1971		3.8080		
2013-06-14	1.0858		3.7040		3.6710		
2013-06-13	1.0230		3.6530		3.6320		
2013-06-12	4.9945		3.6150		
2013-06-07	0.9888		4.3630		3.4910		
2013-06-06	0.9488		4.2790		3.4380		
2013-06-05	0.9378		4.1990		3.4370		
2013-06-04	2.9742		4.1230		3.4370		
2013-06-03	0.8296		3.7970		3.1710		
2013-06-02	1.6888		3.7820		
2013-05-30	0.7942		3.7030		
2013-05-29	0.7921		3.8530		3.2210		
2013-05-28	2.3506		3.8610		
2013-05-27	0.8007		3.0620		3.0200		
2013-05-26	1.6019		3.0450		
2013-05-24	0.7628		2.9810		3.2040		
2013-05-23	1.0822		2.9650		3.2420		
2013-05-22	0.8075		3.0290		3.6790		
2013-05-21	0.8182		2.9750		3.7040		
2013-05-20	0.7675		3.0370		3.6460		
2013-05-19	1.4792		3.0110		
2013-05-17	0.7317		2.9820		3.4870		
2013-05-16	1.2050		3.1110		3.5130		
2013-05-15	0.7037		2.8730		3.5640		
2013-05-14	0.9371		2.8930		3.5980		
2013-05-13	0.7180		2.7930		3.6050		
2013-05-12	1.4232		2.8650		
2013-05-10	0.9792		3.0910		3.6580		
2013-05-09	0.7490		3.0600		3.7020		
2013-05-08	0.7414		3.3350		3.7600		
2013-05-07	0.7449		3.4740		3.7960		
2013-05-06	0.8562		3.6120		
2013-05-05	1.8575		3.6910		
2013-05-03	0.9190		3.7750		
2013-05-02	1.2760		3.8100		3.5470		
2013-05-01	5.0446		3.6130		
2013-04-26	0.9856		4.4570		3.5040		
2013-04-25	0.8994		4.1710		3.4620		
2013-04-24	0.9164		4.3400		
2013-04-23	4.6756		4.1300		
2013-04-22	4.6756		4.1300		3.0960		
2013-04-21	0.7142		2.9060		
2013-04-19	0.4358		3.3410		3.1510		
2013-04-18	1.2253		3.9710		3.3260		
2013-04-17	0.5127		3.7910		
2013-04-16	1.6205		3.9200		
2013-04-15	1.0637		3.7140		3.2400		
2013-04-14	1.5498		3.4640		
2013-04-12	1.6444		3.3440		3.2160		
2013-04-11	0.8784		2.8310		3.1460		
2013-04-10	0.7614		2.7170		
2013-04-09	1.2251		2.6360		
2013-04-08	0.5847		2.2630		3.1630		
2013-04-07	2.6392		2.6430		
2013-04-03	0.6055		3.0980		
2013-04-02	0.5113		3.2420		
2013-04-01	1.3133		3.4310		3.4850		
2013-03-31	1.7720		3.6270		
2013-03-29	0.8805		3.5850		
2013-03-28	0.8592		3.5670		3.4920		
2013-03-27	0.8814		3.5670		3.5120		
2013-03-26	0.8731		3.5530		3.5300		
2013-03-25	1.6890		3.5700		3.5310		
2013-03-24	1.6915		3.1350		
2013-03-22	0.8471		3.1540		3.5980		
2013-03-21	0.8591		3.2140		3.5980		
2013-03-20	0.8542		3.2140		3.6080		
2013-03-19	0.9050		3.2100		3.6190		
2013-03-18	0.8560		3.1760		3.6230		
2013-03-17	1.7276		3.3940		
2013-03-15	0.9612		3.4970		
2013-03-14	0.8601		3.4950		
2013-03-13	0.8464		3.5420		
2013-03-12	0.8405		3.6320		
2013-03-11	1.2727		3.7260		
2013-03-10	1.9252		3.5980		
2013-03-08	0.9578		3.6610		
2013-03-07	0.9507		3.6930		
2013-03-06	1.0180		3.7260		3.6390		
2013-03-05	1.0209		3.7240		3.6340		
2013-03-04	1.0286		3.6510		3.6360		
2013-03-03	2.0444		4.2660		
2013-03-01	1.0202		4.0330		3.5890		
2013-02-28	1.0129		3.9920		
2013-02-27	1.0141		3.9500		
2013-02-26	0.8818		3.9100		
2013-02-25	0.8818		3.9100		
2013-02-24	1.5980		3.2760		
2013-02-22	0.9405		3.4200		3.2960		
2013-02-21	0.9338		3.4180		
2013-02-20	0.9361		3.4200		
2013-02-19	0.9364		3.4200		
2013-02-18	0.9372		3.4210		
2013-02-17	8.4345		3.4210		
2013-02-08	0.9362		3.1040		
2013-02-07	1.0102		3.5890		
2013-02-06	0.9798		3.5900		
2013-02-05	1.0432		3.5780		
2013-02-04	0.6650		3.4980		
2013-02-03	1.3185		3.4850		
2013-02-01	1.8667		3.4630		
2013-01-31	1.0119		3.0360		
2013-01-25	1.0485		3.0960		
