2014-06-03	0.9506		5.6050		5.1200		
2014-06-02	3.1763		6.0540		
2014-05-30	2.3608		5.9940		5.5410		
2014-05-29	3.2329		5.3030		5.3070		
2014-05-28	1.0287		4.6210		5.2260		
2014-05-27	1.8111		4.6340		5.2330		
2014-05-26	0.9961		5.1320		5.3750		
2014-05-25	2.0665		5.3010		
2014-05-23	1.0355		5.3070		5.4790		
2014-05-22	1.9239		5.3100		6.3340		
2014-05-21	1.0544		5.8320		6.0930		
2014-05-20	2.7653		5.8310		6.0780		
2014-05-19	1.3197		5.6180		5.8080		
2014-05-18	2.0788		5.6570		
2014-05-16	1.0421		5.6890		5.8840		
2014-05-15	2.9238		7.3570		6.5110		
2014-05-14	1.0531		6.3540		5.8100		
2014-05-13	2.3573		6.3260		5.3240		
2014-05-12	1.3932		5.9980		5.0070		
2014-05-11	2.1416		5.7950		
2014-05-09	4.2409		6.0440		4.9370		
2014-05-08	0.9998		4.3450		4.0350		
2014-05-07	0.9988		4.3350		4.1620		
2014-05-06	1.7285		4.3230		4.1620		
2014-05-05	1.0039		4.0170		4.2050		
2014-05-04	4.5830		4.0780		
2014-04-30	0.9745		3.9890		4.4110		
2014-04-29	1.1425		4.0010		4.7360		
2014-04-28	1.1215		4.3930		4.7090		
2014-04-27	1.9533		4.8210		
2014-04-25	0.9719		4.9470		4.6910		
2014-04-24	1.4869		5.0130		4.8230		
2014-04-23	0.9977		4.9630		4.7030		
2014-04-22	1.8940		5.4710		4.7240		
2014-04-21	1.9430		5.0250		4.5560		
2014-04-20	2.1941		4.5610		
2014-04-18	1.0980		4.5050		4.5620		
2014-04-17	1.3920		4.6340		4.4910		
2014-04-16	1.9707		4.4430		4.3970		
2014-04-15	1.0384		3.9780		4.1410		
2014-04-14	1.0534		4.4620		4.1380		
2014-04-13	2.0869		4.4690		
2014-04-11	1.3453		4.4950		4.1220		
2014-04-10	1.0264		4.3480		4.0690		
2014-04-09	1.0782		4.3500		4.1510		
2014-04-08	1.9663		4.3030		4.1510		
2014-04-07	3.2049		3.8150		
2014-04-04	1.0635		3.7270		
2014-04-03	1.0292		3.7900		4.3370		
2014-04-02	0.9892		3.9520		4.3460		
2014-04-01	1.0287		3.9990		4.3500		
2014-03-31	0.9915		4.4280		4.3610		
2014-03-30	2.0450		4.4620		
2014-03-28	1.1840		4.5190		4.6710		
2014-03-27	1.3407		4.8840		4.8950		
2014-03-26	1.0791		4.7410		5.0620		
2014-03-25	1.8517		4.7000		5.1310		
2014-03-24	1.0560		4.2940		5.3190		
2014-03-23	2.1556		4.8810		
2014-03-21	1.8826		4.9390		5.3830		
2014-03-20	1.0665		4.9060		5.3410		
2014-03-19	1.0020		5.3840		5.3810		
2014-03-18	1.0721		5.5620		5.4760		
2014-03-17	2.1823		6.3440		5.5260		
2014-03-16	2.2660		5.8840		
2014-03-14	1.8190		5.9560		5.3020		
2014-03-13	1.9845		5.7760		5.2760		
2014-03-12	1.3430		5.3770		5.6420		
2014-03-11	2.5725		5.3900		5.6210		
2014-03-10	1.3002		4.7070		5.2780		
2014-03-09	2.4025		4.7200		
2014-03-07	1.4737		4.8500		5.2820		
2014-03-06	1.2203		4.7770		5.3530		
2014-03-05	1.3669		5.9080		5.5220		
2014-03-04	1.2628		5.8510		5.5670		
2014-03-03	1.3264		5.8500		5.6350		
2014-03-02	2.6516		5.8430		
2014-02-28	1.3326		5.9040		5.7020		
2014-02-27	3.3895		5.9280		5.8990		
2014-02-26	1.2590		5.1360		5.4080		
2014-02-25	1.2596		5.2830		5.4860		
2014-02-24	1.3144		5.4210		5.5660		
2014-02-23	2.7668		5.5600		
2014-02-21	1.3804		5.7630		5.6330		
2014-02-20	1.8691		5.8690		5.7930		
2014-02-19	1.5423		5.6810		5.6900		
2014-02-18	1.5229		5.6890		5.6960		
2014-02-17	1.5817		5.7120		5.7140		
2014-02-16	3.1555		5.7050		
2014-02-14	1.5842		5.7380		5.7050		
2014-02-13	1.5084		5.7510		5.7510		
2014-02-12	1.5570		5.7650		5.6990		
2014-02-11	1.5679		5.7530		5.6710		
2014-02-10	1.5684		5.7360		5.7640		
2014-02-09	3.2191		5.7190		
2014-02-07	1.6080		5.6420		5.7510		
2014-02-06	10.777		5.6190		
2014-01-30	1.5621		6.2440		5.9650		
2014-01-29	1.4486		6.2140		6.4120		
2014-01-28	1.9246		6.2360		6.4640		
2014-01-27	1.5197		6.0110		6.3830		
2014-01-26	3.0046		6.3630		
2014-01-24	2.5150		6.4940		6.4120		
2014-01-23	1.5052		6.0320		6.2540		
2014-01-22	1.4906		6.6100		6.2860		
2014-01-21	1.4938		6.6910		6.3360		
2014-01-20	2.1940		6.7540		6.3600		
2014-01-19	3.2552		6.4600		
2014-01-17	1.6285		6.4720		6.2000		
2014-01-16	2.6137		6.4770		6.1540		
2014-01-15	1.6471		5.9630		5.8940		
2014-01-14	1.6140		5.9810		5.8890		
2014-01-13	1.6314		5.9650		6.0410		
2014-01-12	3.2778		5.9400		
2014-01-10	1.6377		5.8660		6.0430		
2014-01-09	1.6284		5.8320		6.0750		
2014-01-08	1.6813		5.8320		6.6510		
2014-01-07	1.5837		5.7920		6.6200		
2014-01-06	1.5826		6.1170		6.6040		
2014-01-05	3.1366		6.1450		
2014-01-03	1.5712		6.2610		6.5740		
2014-01-02	1.6284		6.3180		6.4240		
2014-01-01	1.6060		7.4700		
2013-12-31	2.2060		7.4480		6.2100		
2013-12-30	1.6372		7.0910		5.9890		
2013-12-29	3.3591		7.0030		
2013-12-27	1.6797		6.6890		5.8880		
2013-12-26	3.8383		6.5290		5.9780		
2013-12-25	1.5640		5.1770		5.3140		
2013-12-24	1.5206		5.0220		5.3910		
2013-12-23	1.4697		4.8870		5.3270		
2013-12-22	2.7561		4.7720		
2013-12-20	1.3735		4.7110		5.3780		
2013-12-19	1.2442		5.4270		5.2950		
2013-12-18	1.2674		5.4520		5.2990		
2013-12-17	1.2606		5.7610		5.2400		
2013-12-16	1.2497		5.7680		5.2320		
2013-12-15	2.6385		5.9840		
2013-12-13	2.7479		5.9340		5.2310		
2013-12-12	1.2908		5.1630		5.0680		
2013-12-11	1.8604		5.1460		4.8400		
2013-12-10	1.2745		4.7190		4.4740		
2013-12-09	1.6632		4.6960		4.4640		
2013-12-08	2.5431		4.4780		
2013-12-06	1.2688		4.4350		4.3450		
2013-12-05	1.2595		4.9740		4.3190		
2013-12-04	1.0404		4.5340		4.3340		
2013-12-03	1.2304		4.2290		4.2590		
2013-12-02	1.2456		4.2310		4.2380		
2013-12-01	2.4608		4.2120		
2013-11-29	2.3024		4.2200		4.1740		
2013-11-28	0.4159		3.6640		3.8810		
2013-11-27	0.4547		4.1350		4.0890		
2013-11-26	1.2354		4.2890		4.2930		
2013-11-25	1.2081		4.2440		4.2860		
2013-11-24	2.4770		4.1370		
2013-11-22	1.2354		4.1100		4.2850		
2013-11-21	1.3192		4.0980		4.2670		
2013-11-20	0.7505		4.0430		4.2380		
2013-11-19	1.1485		4.2970		4.3560		
2013-11-18	1.0035		4.3280		4.3660		
2013-11-17	2.4254		4.4330		
2013-11-15	1.2122		4.4360		4.4160		
2013-11-14	1.2132		4.4360		4.3960		
2013-11-13	1.2382		4.4330		4.3870		
2013-11-12	1.2087		4.4150		4.3650		
2013-11-11	1.2038		4.4040		4.3460		
2013-11-10	2.4316		4.3980		
2013-11-08	1.2116		4.3680		4.3320		
2013-11-07	1.2076		4.3550		4.2860		
2013-11-06	1.2031		4.3410		4.2790		
2013-11-05	1.1883		4.3150		4.2820		
2013-11-04	1.1928		4.2880		4.2860		
2013-11-03	2.3736		4.2660		
2013-11-01	1.1876		4.2340		4.2980		
2013-10-31	1.1805		4.2160		4.3390		
2013-10-30	1.1522		4.2160		4.6160		
2013-10-29	1.1371		4.2500		4.6410		
2013-10-28	1.1499		4.2840		4.8910		
2013-10-27	2.3120		4.3300		
2013-10-25	1.1530		4.4160		4.9040		
2013-10-24	1.1818		4.4620		4.9230		
2013-10-23	1.2165		5.0150		4.9360		
2013-10-22	1.2036		5.0320		4.9250		
2013-10-21	1.2369		5.4970		4.9660		
2013-10-20	2.4776		5.4780		
2013-10-18	1.2413		5.4160		5.0690		
2013-10-17	2.2419		5.3840		5.1630		
2013-10-16	1.2500		4.8570		4.7860		
2013-10-15	2.0945		4.8180		4.8180		
2013-10-14	1.1995		4.3870		4.3870		
2013-10-13	2.3606		4.3860		
2013-10-11	1.1786		4.4050		4.3790		
2013-10-10	1.2317		4.4150		4.3450		
2013-10-09	1.1750		4.3980		4.5940		
2013-10-08	1.2671		4.4100		4.5930		
2013-10-07	8.3878		4.3740		
2013-09-30	1.1948		4.7310		4.7690		
2013-09-29	2.2716		4.6920		
2013-09-27	1.1370		5.9420		4.9150		
2013-09-26	2.1854		5.9100		
2013-09-25	1.1749		5.3230		5.1930		
2013-09-24	1.1086		5.2600		5.0970		
2013-09-23	1.1216		5.2020		5.1600		
2013-09-22	6.8039		5.1380		
2013-09-18	1.0537		5.0630		5.0650		
2013-09-17	0.9967		4.9340		4.7260		
2013-09-16	0.9991		5.1180		4.7260		
2013-09-15	1.8499		5.1250		
2013-09-13	2.6497		5.2280		4.7240		
2013-09-12	2.1603		5.0100		4.3020		
2013-09-11	0.8059		4.4140		3.9910		
2013-09-10	1.3509		4.5190		4.0500		
2013-09-09	1.0125		4.3330		3.9570		
2013-09-08	2.0475		4.3240		
2013-09-06	2.2314		4.2670		3.9510		
2013-09-05	1.0164		3.5940		3.7520		
2013-09-04	1.0085		3.5670		3.8740		
2013-09-03	0.9942		3.5810		3.9000		
2013-09-02	0.9940		3.5810		3.9220		
2013-09-01	1.9393		3.5780		
2013-08-30	0.9402		3.7900		3.9460		
2013-08-29	0.9654		3.9100		4.0780		
2013-08-28	1.0353		4.1810		4.1150		
2013-08-27	0.9943		4.2180		4.0940		
2013-08-26	0.9884		4.2620		4.2370		
2013-08-25	2.3458		4.3140		
2013-08-23	1.1697		4.2670		4.2840		
2013-08-22	1.4856		4.2450		4.3600		
2013-08-21	1.1059		4.0480		4.2880		
2013-08-20	1.0791		3.9690		4.3660		
2013-08-19	1.0881		4.2120		4.4100		
2013-08-18	2.2550		4.2540		
2013-08-16	1.1280		4.2960		4.4560		
2013-08-15	1.1077		4.4750		4.5670		
2013-08-14	0.9543		4.5280		4.6070		
2013-08-13	1.5444		4.7630		4.6870		
2013-08-12	1.1682		4.6080		4.5850		
2013-08-11	2.3368		4.6580		
2013-08-09	1.4700		4.7630		4.6000		
2013-08-08	1.2110		4.6590		4.5720		
2013-08-07	1.4033		4.6860		4.5830		
2013-08-06	1.2482		4.6110		4.5380		
2013-08-05	1.2644		4.5620		4.5520		
2013-08-04	2.5378		4.5410		
2013-08-02	1.2708		4.5050		4.5870		
2013-08-01	1.2626		4.4840		4.6840		
2013-07-31	1.2599		4.4800		4.7190		
2013-07-30	1.1532		4.4650		4.7750		
2013-07-29	1.2253		4.5430		4.9920		
2013-07-28	2.4676		4.6320		
2013-07-26	1.2307		4.7980		5.3090		
2013-07-25	1.2544		4.8840		5.5130		
2013-07-24	1.2325		4.9590		5.5980		
2013-07-23	1.3014		5.0850		5.7070		
2013-07-22	1.3971		5.4410		5.8060		
2013-07-21	2.7858		5.9850		
2013-07-19	1.3955		6.0880		6.0530		
2013-07-18	1.3975		6.1420		6.2470		
2013-07-17	1.4754		6.2380		6.3610		
2013-07-16	1.9838		6.3290		6.4060		
2013-07-15	2.4402		6.1710		6.3420		
2013-07-14	2.9839		6.1200		
2013-07-12	1.4991		6.2780		6.1170		
2013-07-11	1.5813		6.3520		6.1060		
2013-07-10	1.6488		6.4840		6.0950		
2013-07-09	1.6814		6.4840		6.0470		
2013-07-08	2.3435		6.5140		5.9370		
2013-07-07	3.2853		6.1130		
2013-07-05	1.6414		5.9420		5.6320		
2013-07-04	1.8352		5.8600		5.0200		
2013-07-03	1.6475		5.7060		5.1630		
2013-07-02	1.7398		5.6100		4.8750		
2013-07-01	1.5747		5.3610		4.5930		
2013-06-30	2.9563		5.1520		
2013-06-28	1.4839		4.5070		4.3610		
2013-06-27	1.5399		4.1800		3.6400		
2013-06-26	1.4639		4.6200		3.4870		
2013-06-25	1.2621		4.1400		3.3330		
2013-06-24	1.1736		3.8240		3.2170		
2013-06-23	1.7201		3.5710		
2013-06-21	0.8575		3.2610		4.0050		
2013-06-20	2.3828		3.0990		3.5930		
2013-06-19	0.5439		3.7070		3.1630		
2013-06-18	0.6563		3.8200		3.2700		
2013-06-17	0.6885		3.8430		3.2930		
2013-06-16	1.1245		3.8500		
2013-06-14	0.5471		4.0050		3.3170		
2013-06-13	3.5490		4.0880		3.4930		
2013-06-12	3.5846		2.6190		
2013-06-07	0.7055		2.8590		3.1570		
2013-06-06	0.7324		2.8980		3.3620		
2013-06-05	0.9561		3.6450		3.3760		
2013-06-04	0.7410		3.6610		3.4510		
2013-06-03	0.7806		3.6630		3.4760		
2013-06-02	1.5678		3.7560		
2013-05-30	2.1646		3.8260		3.5460		
2013-05-29	0.9882		3.1070		3.2040		
2013-05-28	0.7436		3.2400		3.1680		
2013-05-27	0.9595		3.2900		3.3570		
2013-05-26	1.4852		3.2320		
2013-05-24	0.9971		3.3440		3.3370		
2013-05-23	0.7856		3.2660		3.3630		
2013-05-22	1.2422		3.3000		3.3820		
2013-05-21	0.8393		3.0970		3.4120		
2013-05-20	0.8494		3.4250		3.4180		
2013-05-19	1.6993		3.4410		
2013-05-17	0.8485		3.4530		3.7200		
2013-05-16	0.8511		3.4600		3.7940		
2013-05-15	0.8524		3.4640		
2013-05-14	1.4674		3.7260		3.9080		
2013-05-13	0.8803		3.4120		3.7770		
2013-05-12	1.7234		4.0000		
2013-05-10	0.8611		4.0550		3.9680		
2013-05-09	0.8587		4.1280		3.7120		
2013-05-08	1.3553		4.4390		3.8160		
2013-05-07	0.8640		4.1560		3.6750		
2013-05-06	2.0083		4.1290		3.6650		
2013-05-05	1.8295		3.5050		
2013-05-03	1.0013		3.3970		3.3600		
2013-05-02	1.4556		3.2960		3.3150		
2013-05-01	4.0585		3.1930		
2013-04-26	0.8079		3.2520		3.1690		
2013-04-25	1.2574		3.3330		3.2610		
2013-04-24	0.8135		3.1180		3.1570		
2013-04-23	0.8246		3.1420		3.1710		
2013-04-22	0.8246		3.1420		3.1710		
2013-04-21	1.6917		3.2100		
2013-04-19	0.9637		3.2240		3.2030		
2013-04-18	0.8445		3.1900		3.1950		
2013-04-17	0.8602		3.1970		3.2160		
2013-04-16	0.9077		3.2000		3.2520		
2013-04-15	0.8877		3.2020		3.2680		
2013-04-14	1.7186		3.2090		
2013-04-12	0.8982		3.2580		3.3990		
2013-04-11	0.8592		3.2620		3.7720		
2013-04-10	0.8663		3.2860		3.7770		
2013-04-09	0.9110		3.3040		3.7770		
2013-04-08	0.9007		3.3340		3.7630		
2013-04-07	3.6246		3.5900		
2013-04-03	0.8998		4.2670		3.7230		
2013-04-02	0.9682		4.2500		4.1040		
2013-04-01	1.3913		4.1910		4.0790		
2013-03-31	1.7607		3.9290		
2013-03-29	2.2871		3.9330		3.9360		
2013-03-28	0.8755		3.4240		4.2330		
2013-03-27	0.8671		3.4160		4.1800		
2013-03-26	0.8566		3.9570		4.1330		
2013-03-25	0.8880		3.9700		4.1260		
2013-03-24	1.7683		3.9430		
2013-03-22	1.3118		3.8900		4.0680		
2013-03-21	0.8588		5.0420		3.8150		
2013-03-20	1.9062		4.9450		3.7910		
2013-03-19	0.8740		4.3090		3.5730		
2013-03-18	0.8419		4.2860		3.5370		
2013-03-17	1.6684		4.1930		
2013-03-15	3.5205		4.0570		3.5550		
2013-03-14	0.6721		2.5890		3.1000		
2013-03-13	0.6877		2.6370		3.1590		
2013-03-12	0.8292		2.8360		3.1880		
2013-03-11	0.6629		2.7880		3.1830		
2013-03-10	1.4078		2.9170		
2013-03-08	0.7052		3.0890		3.3120		
2013-03-07	0.7638		3.6123		3.8480		
2013-03-06	1.0695		3.6810		3.9800		
2013-03-05	0.7383		3.5400		4.3150		
2013-03-04	0.9098		3.5770		4.3660		
2013-03-03	1.7374		3.7060		
2013-03-01	1.7074		3.7260		4.4470		
2013-02-28	0.8975		4.0840		4.5230		
2013-02-27	0.7982		4.2780		4.6620		
2013-02-26	0.8096		5.0910		4.8810		
2013-02-25	0.8096		5.0910		4.8810		
2013-02-24	1.7758		5.0230		
2013-02-22	2.3929		6.1800		5.0230		
2013-02-21	1.2702		5.3960		4.3170		
2013-02-20	2.3574		5.1980		4.1810		
2013-02-19	0.9338		4.4320		3.7540		
2013-02-18	0.9034		4.4070		3.6860		
2013-02-17	10.211		4.3990		
2013-02-08	0.8834		3.7110		4.4340		
2013-02-07	0.7469		3.6830		4.3540		
2013-02-06	0.7183		5.3930		4.3420		
2013-02-05	0.6728		5.4200		4.3690		
2013-02-04	2.4303		6.0090		4.8980		
2013-02-03	1.6654		5.1350		
2013-02-01	0.8288		5.0580		4.4650		
2013-01-31	4.0269		5.0250		4.4690		
2013-01-30	0.7712		3.2920		3.9000		
2013-01-29	1.8019		3.3170		3.9120		
2013-01-28	0.7547		3.7860		3.6570		
2013-01-27	1.5170		3.7950		
2013-01-25	0.7661		3.8760		4.2290		
2013-01-24	0.7026		3.9130		4.4630		
2013-01-23	0.8188		4.5080		4.6250		
2013-01-22	2.7018		4.5070		4.6290		
2013-01-21	0.7711		3.5270		4.4450		
2013-01-20	1.6730		4.6630		
2013-01-18	0.8371		4.7400		4.9190		
2013-01-17	1.8440		5.0140		5.4270		
2013-01-16	0.8174		4.7420		5.2970		
2013-01-15	0.8215		4.7510		5.5540		
2013-01-14	2.9488		5.3630		5.0350		
2013-01-13	1.8216		5.1750		
2013-01-11	1.3617		5.0260		3.9830		
2013-01-10	1.3224		4.7150		3.7210		
2013-01-09	0.8350		4.4240		3.6020		
2013-01-08	1.9954		4.3880		3.9420		
2013-01-07	2.5876		3.7460		3.7100		
2013-01-06	1.5376		2.7910		
2013-01-04	0.7642		2.7480		3.2660		
2013-01-03	2.2951		2.7270		
2012-12-31	0.7555		3.6740		3.3150		
2012-12-30	1.4559		3.7410		
2012-12-28	0.7238		3.7970		3.4480		
2012-12-27	0.8651		3.8690		3.5450		
2012-12-26	2.1409		3.9220		3.6390		
2012-12-25	1.1044		3.2250		3.4390		
2012-12-24	0.8840		3.1800		3.4600		
2012-12-23	1.5645		3.1560		
2012-12-21	0.8620		3.1820		3.4390		
2012-12-20	0.9656		3.2210		3.3960		
2012-12-19	0.8038		3.3570		3.3410		
2012-12-18	1.0193		3.6530		3.3350		
2012-12-17	0.8379		3.7410		3.2650		
2012-12-16	1.6149		3.7220		
2012-12-14	0.9355		3.6660		3.2480		
2012-12-13	1.2264		3.5700		3.1460		
2012-12-12	1.3714		3.3250		3.2680		
2012-12-11	1.1880		3.0180		3.0890		
2012-12-10	0.8018		2.7890		3.0200		
2012-12-09	1.5083		2.7740		
2012-12-07	0.7513		2.7210		3.0460		
2012-12-06	0.7551		2.7220		3.0670		
2012-12-05	0.7825		3.2110		3.0770		
2012-12-04	0.7497		3.1600		3.3050		
2012-12-03	0.7737		3.2510		3.4600		
2012-12-02	1.4070		3.3170		
2012-11-30	0.7520		3.3970		3.4680		
2012-11-29	1.6924		3.4130		3.6000		
2012-11-28	0.6863		2.9440		3.3680		
2012-11-27	0.9236		3.4500		3.4020		
2012-11-26	0.9004		3.6690		3.7090		
2012-11-25	1.5608		3.6180		
2012-11-23	0.7811		3.6520		3.7810		
2012-11-22	0.7931		3.7870		4.0510		
2012-11-21	1.6567		3.7920		4.0510		
2012-11-20	1.3443		3.3540		3.8360		
2012-11-19	0.8026		3.7490		3.7800		
2012-11-18	1.6267		3.9430		
2012-11-16	1.0388		3.9800		3.8370		
2012-11-15	0.8024		4.3160		3.8780		
2012-11-14	0.8180		4.3110		3.8650		
2012-11-13	2.1010		4.3170		3.8500		
2012-11-12	1.1750		3.8100		3.6810		
2012-11-11	1.6981		3.7310		
2012-11-09	1.6820		3.6710		3.5570		
2012-11-08	0.7939		3.4410		3.2440		
2012-11-07	0.8296		3.4180		3.2680		
2012-11-06	1.1287		3.3830		3.2640		
2012-11-05	1.0227		3.5520		3.1920		
2012-11-04	1.5839		3.3840		
2012-11-02	1.2404		3.3160		3.1240		
2012-11-01	0.7494		3.0470		2.9620		
2012-10-31	0.7623		3.1170		3.0460		
2012-10-30	1.4538		3.1450		3.0250		
2012-10-29	0.6993		2.8320		2.8250		
2012-10-28	1.4545		2.8650		
2012-10-26	0.7242		2.8600		2.9710		
2012-10-25	0.8845		2.8780		2.9060		
2012-10-24	0.8150		2.9740		2.8890		
2012-10-23	0.8530		2.9040		2.9300		
2012-10-22	0.7626		2.8190		2.9000		
2012-10-21	1.4457		3.0770		
2012-10-19	0.7585		2.9930		
2012-10-18	1.0698		2.9340		4.5450		
2012-10-17	0.6807		2.8030		4.6090		
2012-10-16	0.6882		2.9560		4.8450		
2012-10-15	1.2587		2.9810		5.1360		
2012-10-14	1.2850		5.2140		
2012-10-12	0.6444		4.8430		5.2140		
2012-10-11	0.8178		4.6570		2.8500		
2012-10-10	0.9741		4.3800		2.6950		
2012-10-09	0.7378		4.0220		2.7370		
2012-10-08	5.5398		3.7860		2.6970		
2012-10-07	2.5785		1.0470		
2012-09-28	0.2829		2.2940		1.8450		
2012-09-27	0.2257		2.5250		2.5820		
2012-09-26	1.1335		2.7850		3.0210		
2012-09-25	0.5837		2.5750		2.8420		
2012-09-24	0.7232		2.6520		2.8600		
2012-09-23	1.4513		2.6540		
2012-09-21	0.7250		2.6450		2.8550		
2012-09-20	0.7249		2.6400		2.7960		
2012-09-19	0.7305		3.2570		2.7800		
2012-09-18	0.7308		3.1100		2.7630		
2012-09-17	0.7267		3.0690		2.7430		
2012-09-16	1.4351		3.0570		
2012-09-14	0.7146		2.9870		2.7230		
2012-09-13	1.9079		2.9520		2.6920		
2012-09-12	0.4486		2.3030		2.4170		
2012-09-11	0.6524		2.4160		2.4250		
2012-09-10	0.7037		2.4170		
2012-09-09	1.3009		2.3890		
2012-09-07	0.6477		2.3780		
2012-09-06	0.6637		2.4320		
2012-09-05	0.6645		2.5300		
2012-09-04	0.6547		2.4340		
2012-09-03	0.6504		2.5210		
2012-09-02	1.2796		2.6090		
2012-08-31	0.7504		2.7980		
2012-08-30	0.8532		2.8340		
2012-08-29	0.4797		2.8170		
2012-08-28	0.8206		2.9950		3.0870		
2012-08-27	0.8206		2.9950		
2012-08-26	1.6413		2.9950		
2012-08-24	0.8206		2.9950		
2012-08-23	0.8206		2.9950		
2012-08-22	0.8206		2.9950		
2012-08-21	0.8206		2.9950		
2012-08-20	0.8206		3.1910		
2012-08-19	1.6413		
2012-08-17	0.8206		
2012-08-16	0.8206		
2012-08-15	0.8206		
2012-08-14	1.1965		
