2014-06-12	5.1303		6.9790		
2014-06-11	1.3766		5.0240		
2014-06-10	1.3762		5.0160		
2014-06-09	1.3820		5.0080		
2014-06-08	2.7466		5.0010		
2014-06-06	1.3729		4.9940		
2014-06-05	1.3812		4.9910		
2014-06-04	1.3609		4.9780		
2014-06-03	1.3609		4.9600		
2014-06-02	4.1024		4.9540		
2014-05-30	1.3663		4.9350		
2014-05-29	1.3570		4.9220		
2014-05-28	1.3264		4.9380		
2014-05-27	1.3479		4.9700		
2014-05-26	1.3559		4.9990		
2014-05-25	2.7107		5.0220		
2014-05-23	1.3407		5.0650		
2014-05-22	1.3886		5.0740		
2014-05-21	1.3868		5.1050		
2014-05-20	1.4050		5.1350		
2014-05-19	1.3985		5.1660		
2014-05-18	2.7946		5.6650		
2014-05-16	1.3569		5.7110		
2014-05-15	1.4479		5.7520		
2014-05-14	1.4451		5.7500		
2014-05-13	1.4646		5.7390		
2014-05-12	2.3562		5.6920		
2014-05-11	2.8821		5.2010		
2014-05-09	1.4348		5.1490		
2014-05-08	1.4441		5.1260		5.1030		
2014-05-07	1.4253		5.0980		5.0970		
2014-05-06	1.3744		5.0790		5.0930		
2014-05-05	1.4144		5.0860		5.4760		
2014-05-04	5.5623		5.0840		
2014-04-30	1.3897		5.0450		5.5390		
2014-04-29	1.3883		5.0460		5.5560		
2014-04-28	1.4092		5.0530		5.5570		
2014-04-27	2.7830		5.0370		
2014-04-25	1.3802		5.1040		5.5480		
2014-04-24	1.3253		5.1420		5.5510		
2014-04-23	1.3921		5.1950		5.5740		
2014-04-22	1.4003		5.2180		5.5910		
2014-04-21	1.3797		5.2190		5.5890		
2014-04-20	2.9105		5.2040		
2014-04-18	1.4538		5.1490		5.5520		
2014-04-17	1.4276		5.1210		5.5460		
2014-04-16	1.4350		5.0800		5.5570		
2014-04-15	1.4030		5.0290		5.5680		
2014-04-14	1.3512		5.0130		5.5690		
2014-04-13	2.8045		4.9700		
2014-04-11	1.3993		4.8300		5.5420		
2014-04-10	1.3498		4.7650		5.5400		
2014-04-09	1.3368		4.7790		5.5610		
2014-04-08	1.3730		4.8180		5.5840		
2014-04-07	3.8049		7.0070		
2014-04-04	1.2741		7.2640		5.5510		
2014-04-03	1.3755		7.3480		
2014-04-02	1.4116		7.3720		5.5770		
2014-04-01	5.5711		7.3700		5.5910		
2014-03-31	1.4012		5.1950		5.0650		
2014-03-30	2.8973		5.1850		
2014-03-28	1.4350		5.1610		5.0430		
2014-03-27	1.4227		5.1500		5.0490		
2014-03-26	1.4078		5.1300		5.0440		
2014-03-25	1.3994		5.1190		5.0630		
2014-03-24	1.3823		5.1210		5.4110		
2014-03-23	2.8510		5.1370		
2014-03-21	1.4138		5.1070		5.4650		
2014-03-20	1.3850		5.0970		5.5640		
2014-03-19	1.3865		5.0990		5.5820		
2014-03-18	1.4020		5.1040		5.6240		
2014-03-17	1.4136		5.0960		5.6670		
2014-03-16	2.7931		5.0800		
2014-03-14	1.3956		4.9980		5.7520		
2014-03-13	1.3882		4.9460		5.8270		
2014-03-12	1.3961		4.9190		5.8660		
2014-03-11	1.3870		4.8720		
2014-03-10	1.3828		4.8460		
2014-03-09	2.6347		4.8410		
2014-03-07	1.2964		4.9450		6.0670		
2014-03-06	1.3362		5.0030		6.1210		
2014-03-05	1.3067		5.0260		6.1720		
2014-03-04	1.3377		5.1580		6.2330		
2014-03-03	1.3717		6.5800		6.2950		
2014-03-02	2.8348		6.7290		
2014-02-28	1.4070		7.0480		6.2870		
2014-02-27	1.3818		7.2100		6.3200		
2014-02-26	1.5588		7.2850		6.3630		
2014-02-25	4.0651		7.3610		6.3860		
2014-02-24	1.6565		6.1470		6.1070		
2014-02-23	3.4478		6.1720		
2014-02-21	1.7181		6.1570		6.0910		
2014-02-20	1.5254		6.1480		6.0700		
2014-02-19	1.7032		6.2350		6.0860		
2014-02-18	1.7386		6.2190		6.0820		
2014-02-17	1.7034		6.1850		6.1370		
2014-02-16	3.4192		6.1680		
2014-02-14	1.7002		6.1020		
2014-02-13	1.6938		6.0650		6.0600		
2014-02-12	1.6721		6.0310		6.0560		
2014-02-11	1.6722		6.0070		
2014-02-10	1.6710		5.9840		
2014-02-09	3.2928		5.9610		
2014-02-07	1.6304		5.9410		6.1020		
2014-02-06	11.390		5.9390		
2014-01-30	1.6250		6.2060		6.1410		
2014-01-29	1.7209		6.2120		6.1480		
2014-01-28	1.6936		6.1820		6.1440		
2014-01-27	1.6601		6.1000		6.0850		
2014-01-26	3.4698		6.3670		
2014-01-24	1.7326		6.0750		6.0530		
2014-01-23	1.6372		5.9150		6.0360		
2014-01-22	1.6624		5.9920		6.0380		
2014-01-21	1.5366		6.0220		6.0370		
2014-01-20	2.1729		6.1040		6.0400		
2014-01-19	2.9090		5.8600		
2014-01-17	1.4257		6.1620		5.9830		
2014-01-16	1.7850		6.3200		5.9980		
2014-01-15	1.7201		6.2800		5.9810		
2014-01-14	1.6941		6.2740		5.9710		
2014-01-13	1.7035		6.2460		5.9780		
2014-01-12	3.4896		6.1790		
2014-01-10	1.7286		6.1540		5.8460		
2014-01-09	1.7086		6.1410		5.8190		
2014-01-08	1.7085		6.1300		5.8050		
2014-01-07	1.6400		6.1340		
2014-01-06	1.5462		6.1040		5.7710		
2014-01-05	3.4422		5.9370		
2014-01-03	1.7025		5.8750		5.7030		
2014-01-02	1.6872		5.8470		5.6800		
2014-01-01	1.7161		5.8100		
2013-12-31	1.6121		5.7520		
2013-12-30	1.2252		5.7400		
2013-12-29	3.3247		5.9160		
2013-12-27	1.6475		5.8320		
2013-12-26	1.6160		5.7800		
2013-12-25	1.6060		5.7640		
2013-12-24	1.5879		5.7630		5.5380		
2013-12-23	1.5637		5.7480		5.5290		
2013-12-22	3.1632		5.8440		
2013-12-20	1.5473		5.7010		
2013-12-19	1.5859		5.6290		5.3920		
2013-12-18	1.6044		5.6000		5.3650		
2013-12-17	1.5594		5.5580		5.1230		
2013-12-16	1.7477		5.5270		
2013-12-15	2.8890		5.4030		
2013-12-13	1.4080		5.4900		
2013-12-12	1.5306		5.5460		
2013-12-11	1.5245		5.5370		
2013-12-10	1.5008		5.5210		5.0410		
2013-12-09	1.5097		5.5220		5.1960		
2013-12-08	3.0547		5.5020		
2013-12-06	1.5152		5.4960		
2013-12-05	1.5140		5.4790		5.1040		
2013-12-04	1.4941		5.4210		5.0780		
2013-12-03	1.5028		5.3730		5.0650		
2013-12-02	1.4715		5.3170		5.0500		
2013-12-01	3.0429		5.2350		
2013-11-29	1.4826		5.1120		4.9770		
2013-11-28	1.4031		5.0650		4.9600		
2013-11-27	1.4015		5.0450		4.9550		
2013-11-26	1.3949		4.9920		
2013-11-25	1.3145		4.9770		4.9430		
2013-11-24	2.8080		4.9850		
2013-11-22	1.3910		4.9870		4.9320		
2013-11-21	1.3645		4.9750		4.9270		
2013-11-20	1.3001		4.9670		4.9250		
2013-11-19	1.3662		5.0020		4.9310		
2013-11-18	1.3309		5.0010		4.9240		
2013-11-17	2.8116		5.0150		
2013-11-15	1.3679		4.9710		4.8920		
2013-11-14	1.3496		4.9680		
2013-11-13	1.3671		4.9680		4.8740		
2013-11-12	1.3645		4.9400		4.8700		
2013-11-11	1.3567		4.9060		4.8910		
2013-11-10	2.7275		4.8960		
2013-11-08	1.3631		4.8820		4.8860		
2013-11-07	1.3481		4.8690		4.8830		
2013-11-06	1.3147		4.8570		4.8820		
2013-11-05	1.2984		4.8710		4.8850		
2013-11-04	1.3379		4.8940		4.8900		
2013-11-03	2.6995		4.8970		
2013-11-01	1.3388		4.8950		4.8870		
2013-10-31	1.3248		4.8990		4.8870		
2013-10-30	1.3418		4.9100		4.9010		
2013-10-29	1.3420		4.9150		4.9010		
2013-10-28	1.3442		4.9170		4.9860		
2013-10-27	2.6952		4.8970		
2013-10-25	1.3468		4.8850		5.0010		
2013-10-24	1.3458		4.8800		5.0100		
2013-10-23	1.3513		4.8630		5.0200		
2013-10-22	1.3459		4.8100		5.0230		
2013-10-21	1.3069		4.7470		5.0270		
2013-10-20	2.6723		4.7830		
2013-10-18	1.3359		4.8240		5.0370		
2013-10-17	1.3135		4.8390		5.0260		
2013-10-16	1.2505		4.8860		5.0270		
2013-10-15	1.2255		4.9440		5.0430		
2013-10-14	1.3757		5.0400		5.0630		
2013-10-13	2.7504		5.0510		
2013-10-11	1.3647		5.0750		4.9860		
2013-10-10	1.4038		5.0920		4.9740		
2013-10-09	1.3610		5.0890		4.9560		
2013-10-08	1.4101		5.1080		5.0080		
2013-10-07	9.7838		5.1020		
2013-09-30	1.3881		5.2200		4.9330		
2013-09-29	2.8259		5.1710		
2013-09-27	1.5138		5.1110		
2013-09-26	1.4320		5.0280		4.7970		
2013-09-25	1.4216		4.9880		4.7830		
2013-09-24	1.4289		4.9490		4.7690		
2013-09-23	1.2952		4.8910		4.7440		
2013-09-22	5.4212		4.8770		
2013-09-18	1.3454		4.6560		4.6620		
2013-09-17	1.3191		4.6140		4.6530		
2013-09-16	1.2672		4.5820		4.6360		
2013-09-15	2.5320		4.5720		
2013-09-13	1.2067		4.5610		4.6110		
2013-09-12	1.2587		4.5720		4.6130		
2013-09-11	1.2651		4.5270		4.6130		
2013-09-10	1.2579		5.1640		4.6130		
2013-09-09	1.2475		5.1150		4.6040		
2013-09-08	2.5112		5.0910		
2013-09-06	1.2283		5.0500		4.6170		
2013-09-05	1.1717		5.0400		4.6150		
2013-09-04	2.4869		5.0640		4.6260		
2013-09-03	1.1648		4.3880		4.4730		
2013-09-02	1.2008		4.4220		4.4760		
2013-09-01	2.4323		4.4400		
2013-08-30	1.2084		4.4580		4.4180		
2013-08-29	1.2187		4.4710		4.6580		
2013-08-28	1.1911		4.4730		4.6650		
2013-08-27	1.2299		4.4820		
2013-08-26	1.2347		4.4700		4.7580		
2013-08-25	2.4668		4.4430		
2013-08-23	1.2327		4.4520		4.8190		
2013-08-22	1.2233		4.4520		4.8270		
2013-08-21	1.2091		4.4340		4.8390		
2013-08-20	1.2052		4.4410		4.8540		
2013-08-19	1.1829		4.4490		4.7990		
2013-08-18	2.4839		4.4490		
2013-08-16	1.2327		4.4240		
2013-08-15	1.1906		4.4070		4.4380		
2013-08-14	1.2215		4.4160		4.4410		
2013-08-13	1.2207		4.5870		4.4400		
2013-08-12	1.1835		4.5810		4.5750		
2013-08-11	2.4357		4.5840		
2013-08-09	1.1995		4.4290		4.6120		
2013-08-08	1.2073		4.3620		4.6430		
2013-08-07	1.5508		4.3500		4.6510		
2013-08-06	1.2084		4.1680		4.6160		
2013-08-05	1.1890		5.2330		
2013-08-04	2.1391		5.1070		
2013-08-02	1.0711		5.1280		5.0530		
2013-08-01	1.1840		5.1380		5.1490		
2013-07-31	1.2013		6.0190		5.1770		
2013-07-30	3.2508		6.2350		5.2040		
2013-07-29	0.9486		5.2180		5.2290		
2013-07-28	2.1778		5.1230		
2013-07-26	1.0907		4.7860		5.4210		
2013-07-25	2.8737		4.6140		5.5080		
2013-07-24	1.6153		3.5150		5.3820		
2013-07-23	1.3017		3.0720		5.3650		
2013-07-22	0.7651		2.7260		5.4410		
2013-07-21	1.5323		2.9910		
2013-07-19	0.7611		3.7580		
2013-07-18	0.7659		4.1420		5.8240		
2013-07-17	0.7659		4.5400		5.9260		
2013-07-16	0.6376		4.8870		6.0340		
2013-07-15	1.2739		5.3160		6.1660		
2013-07-14	3.0023		5.5310		
2013-07-12	1.4986		5.8090		5.9690		
2013-07-11	1.5296		5.9500		5.9870		
2013-07-10	1.4311		6.1370		6.0020		
2013-07-09	1.4594		6.3820		6.0320		
2013-07-08	1.6860		6.6060		6.2490		
2013-07-07	3.5357		6.7190		
2013-07-05	1.7700		6.8680		5.3670		
2013-07-04	1.8872		6.9980		5.2470		
2013-07-03	1.9020		6.9700		5.1140		
2013-07-02	1.8878		6.9220		5.0500		
2013-07-01	1.9024		6.8990		4.9850		
2013-06-30	3.8221		6.7330		
2013-06-28	2.0200		6.4060		4.4780		
2013-06-27	1.8384		6.1900		4.3410		
2013-06-26	1.8054		6.0700		4.2630		
2013-06-25	1.8419		5.9700		
2013-06-24	1.5844		5.8450		
2013-06-23	3.1951		5.8290		
2013-06-21	1.5978		5.4100		
2013-06-20	1.6098		4.8100		
2013-06-19	1.6147		5.5400		
2013-06-18	1.6085		5.0620		
2013-06-17	1.5535		4.5840		
2013-06-16	2.3872		4.1350		
2013-06-14	0.4573		3.6130		
2013-06-13	3.0090		3.7330		
2013-06-12	3.4618		2.5140		
2013-06-07	0.6875		2.7550		
2013-06-06	0.6722		2.8070		
2013-06-05	0.7808		3.2280		
2013-06-04	0.7896		3.2900		
2013-06-03	1.5802		3.3660		
2013-06-02	1.5802		3.3660		
2013-05-30	1.4804		3.4700		
2013-05-29	0.8934		3.1310		
2013-05-28	0.8639		3.7120		
2013-05-27	0.8507		3.8920		
2013-05-26	1.7190		3.8670		
2013-05-24	0.8510		3.8150		
2013-05-23	0.8271		3.7920		
2013-05-22	2.0074		3.7790		
2013-05-21	1.2094		3.1480		
2013-05-20	0.8017		2.9740		
2013-05-19	1.6206		3.0150		
2013-05-17	0.8059		3.0950		
2013-05-16	0.8032		3.1330		
2013-05-15	0.7964		3.1700		
2013-05-14	0.8755		3.2310		
2013-05-13	0.8802		3.2380		
2013-05-12	1.7744		3.2270		
2013-05-10	0.8791		3.1870		
2013-05-09	0.8737		3.1640		
2013-05-08	0.9131		3.1520		
2013-05-07	0.8889		3.1040		
2013-05-06	0.8593		3.0700		
2013-05-05	1.6970		3.0500		
2013-05-03	0.8364		3.0220		
2013-05-02	0.8493		3.0110		
2013-05-01	4.1096		2.9660		
2013-04-26	0.8158		3.4030		
2013-04-25	0.7621		3.4240		
2013-04-24	1.0844		3.5710		
2013-04-23	0.8177		3.7640		
2013-04-22	1.3269		3.7800		
2013-04-21	1.7190		3.4220		
2013-04-19	0.8559		3.5650		
2013-04-18	1.0438		3.6380		
2013-04-17	1.4552		3.6060		
2013-04-16	0.8442		3.3540		
2013-04-15	0.6451		3.3720		
2013-04-14	1.9936		3.5760		
2013-04-12	0.9944		3.5450		
2013-04-11	0.9832		3.5310		
2013-04-10	0.9712		3.5220		
2013-04-09	0.8785		3.5190		
2013-04-08	1.0376		3.6070		
2013-04-07	3.8677		3.6130		
2013-04-03	0.9648		3.7190		
2013-04-02	1.0475		3.7720		
2013-04-01	1.0486		3.7890		
2013-03-31	2.0470		3.8000		
2013-03-29	1.0159		3.8500		
2013-03-28	1.0079		3.8760		
2013-03-27	1.0673		3.8720		
2013-03-26	1.0798		3.8330		
2013-03-25	1.0697		3.7700		
2013-03-24	2.1435		3.7430		
2013-03-22	1.0646		3.3690		
2013-03-21	1.0000		3.0920		
2013-03-20	0.9936		3.0000		
2013-03-19	0.9591		3.0300		
2013-03-18	1.0171		3.0770		
2013-03-17	1.4266		3.0930		
2013-03-15	0.5341		3.4460		
2013-03-14	0.8234		3.7020		
2013-03-13	1.0508		3.7930		
2013-03-12	1.0489		3.7620		
2013-03-11	1.0481		3.7330		
2013-03-10	2.1040		3.7110		
2013-03-08	1.0252		3.6340		
2013-03-07	0.9963		3.6100		
2013-03-06	0.9922		3.5770		
2013-03-05	0.9935		3.5500		
2013-03-04	1.0061		3.5210		
2013-03-03	1.9553		3.3960		
2013-03-01	0.9804		3.1790		
2013-02-28	0.9319		3.0670		
2013-02-27	0.9413		2.9780		
2013-02-26	0.9369		2.8800		
2013-02-25	0.7676		2.7770		
2013-02-24	1.5382		7.4400		
2013-02-22	0.7667		7.5610		
2013-02-21	0.7602		7.6220		
2013-02-20	0.7529		7.6870		
2013-02-19	0.7397		7.7560		
2013-02-18	9.7116		7.8310		
2013-02-17	7.9605		3.2280		
2013-02-08	0.8942		3.5850		
2013-02-07	0.9883		3.6410		
2013-02-06	0.9918		3.6560		
2013-02-05	0.9921		3.6710		
2013-02-04	0.9992		3.6790		
2013-02-03	2.0104		3.6890		
2013-02-01	1.0018		3.6830		
2013-01-31	1.0171		3.6860		
2013-01-30	1.0193		3.6000		
2013-01-29	1.0087		3.5090		
2013-01-28	1.0178		3.4260		
2013-01-27	1.9979		3.1650		
2013-01-25	1.0075		2.6630		
2013-01-24	0.8535		2.6600		
2013-01-23	0.8436		2.6450		
2013-01-22	0.8502		2.7150		
2013-01-21	0.5175		2.5600		
2013-01-18	1.0019		2.4510		

