2014-06-03	1.2814		4.6710		
2014-06-02	3.8640		4.6640		
2014-05-30	1.2868		4.6450		
2014-05-29	1.2771		4.6330		
2014-05-28	1.2496		4.6500		
2014-05-27	1.2680		4.6800		
2014-05-26	1.2756		4.7110		
2014-05-25	2.5518		4.7340		
2014-05-23	1.2626		4.7770		
2014-05-22	1.3093		4.7860		
2014-05-21	1.3088		4.8170		
2014-05-20	1.3264		4.8470		
2014-05-19	1.3192		4.8770		
2014-05-18	2.6357		5.3770		
2014-05-16	1.2796		5.4220		
2014-05-15	1.3681		5.4610		
2014-05-14	1.3673		5.4590		
2014-05-13	1.3838		5.4480		
2014-05-12	2.2767		5.3990		
2014-05-11	2.7232		4.9080		
2014-05-09	1.3542		4.8560		
2014-05-08	1.3644		4.8330		4.8120		
2014-05-07	1.3464		4.8050		4.8060		
2014-05-06	1.2903		4.7870		4.8020		
2014-05-05	1.3349		4.7960		5.1870		
2014-05-04	5.2445		4.7930		
2014-04-30	1.3102		4.7550		5.2510		
2014-04-29	1.3076		4.7570		5.2680		
2014-04-28	1.3298		4.7630		5.2690		
2014-04-27	2.6241		4.7470		
2014-04-25	1.3007		4.8140		5.2600		
2014-04-24	1.2468		4.8520		5.2620		
2014-04-23	1.3131		4.9050		5.2850		
2014-04-22	1.3191		4.9280		5.3020		
2014-04-21	1.3004		4.9280		5.3000		
2014-04-20	2.7516		4.9130		
2014-04-18	1.3744		4.8580		5.2630		
2014-04-17	1.3488		4.8300		5.2570		
2014-04-16	1.3559		4.7890		5.2680		
2014-04-15	1.3203		4.7390		5.2790		
2014-04-14	1.2718		4.7260		5.2800		
2014-04-13	2.6456		4.6830		
2014-04-11	1.3201		4.5430		5.2520		
2014-04-10	1.2710		4.4800		5.2510		
2014-04-09	1.2593		4.4940		5.2710		
2014-04-08	1.2954		4.5330		5.2940		
2014-04-07	3.5665		6.7240		
2014-04-04	1.1989		6.9810		5.2610		
2014-04-03	1.2987		7.0620		
2014-04-02	1.3343		7.0840		5.2860		
2014-04-01	5.4972		7.0810		5.5910		
2014-03-31	1.3203		4.9010		4.7730		
2014-03-30	2.7384		4.8920		
2014-03-28	1.3545		4.8680		4.7520		
2014-03-27	1.3415		4.8570		4.7580		
2014-03-26	1.3279		4.8390		4.7530		
2014-03-25	1.3173		4.8280		4.7730		
2014-03-24	1.3028		4.8300		5.1210		
2014-03-23	2.6920		4.8430		
2014-03-21	1.3341		4.8130		5.1760		
2014-03-20	1.3053		4.8040		5.2750		
2014-03-19	1.3071		4.8060		5.2930		
2014-03-18	1.3224		4.8100		5.3350		
2014-03-17	1.3270		4.8020		5.3780		
2014-03-16	2.6342		4.7900		
2014-03-14	1.3162		4.7080		5.4640		
2014-03-13	1.3092		4.6560		5.5380		
2014-03-12	1.3166		4.6290		5.5780		
2014-03-11	1.3070		4.5820		
2014-03-10	1.3036		4.5580		
2014-03-09	2.4758		4.5530		
2014-03-07	1.2162		4.6570		5.7780		
2014-03-06	1.2579		4.7160		5.8320		
2014-03-05	1.2270		4.7410		5.8830		
2014-03-04	1.2607		4.8720		5.9440		
2014-03-03	1.2943		6.2950		6.0060		
2014-03-02	2.6759		6.4420		
2014-02-28	1.3282		6.7620		5.9970		
2014-02-27	1.3060		6.9240		6.0310		
2014-02-26	1.4789		6.9980		6.0730		
2014-02-25	3.9895		7.0740		6.0960		
2014-02-24	1.5770		5.8580		5.8160		
2014-02-23	3.2889		5.8810		
2014-02-21	1.6390		5.8660		5.8010		
2014-02-20	1.4478		5.8560		5.7790		
2014-02-19	1.6241		5.9430		5.7950		
2014-02-18	1.6567		5.9260		5.7910		
2014-02-17	1.6217		5.8930		5.8460		
2014-02-16	3.2603		5.8760		
2014-02-14	1.6195		5.8100		
2014-02-13	1.6146		5.7750		5.7680		
2014-02-12	1.5929		5.7400		5.7640		
2014-02-11	1.5920		5.7170		
2014-02-10	1.5903		5.6940		
2014-02-09	3.1338		5.6710		
2014-02-07	1.5521		5.6510		5.8110		
2014-02-06	10.834		5.6490		
2014-01-30	1.5462		5.9160		5.8500		
2014-01-29	1.6417		5.9220		5.8570		
2014-01-28	1.6147		5.8920		5.8520		
2014-01-27	1.5810		5.8080		5.7930		
2014-01-26	3.3109		6.0750		
2014-01-24	1.6512		5.7830		5.7610		
2014-01-23	1.5582		5.6240		5.7440		
2014-01-22	1.5829		5.7020		5.7460		
2014-01-21	1.4545		5.7270		5.7450		
2014-01-20	2.0933		5.8100		5.7490		
2014-01-19	2.7501		5.5650		
2014-01-17	1.3469		5.8680		5.6920		
2014-01-16	1.7074		6.0250		5.7060		
2014-01-15	1.6307		5.9840		5.6880		
2014-01-14	1.6135		5.9840		5.6790		
2014-01-13	1.6241		5.9560		5.6860		
2014-01-12	3.3307		5.8890		
2014-01-10	1.6491		5.8650		5.5550		
2014-01-09	1.6284		5.8510		5.5280		
2014-01-08	1.6296		5.8400		5.5140		
2014-01-07	1.5602		5.8430		
2014-01-06	1.4677		5.8140		5.4790		
2014-01-05	3.2833		5.6460		
2014-01-03	1.6223		5.5850		5.4110		
2014-01-02	1.6078		5.5560		5.3880		
2014-01-01	1.6366		5.5190		
2013-12-31	1.5326		5.4620		
2013-12-30	1.1456		5.4490		
2013-12-29	3.1658		5.6250		
2013-12-27	1.5679		5.5410		
2013-12-26	1.5363		5.4900		
2013-12-25	1.5264		5.4750		
2013-12-24	1.5077		5.4740		5.2460		
2013-12-23	1.4840		5.4530		5.2370		
2013-12-22	3.0043		5.5490		
2013-12-20	1.4703		5.4060		
2013-12-19	1.5065		5.3320		5.1000		
2013-12-18	1.5251		5.3030		5.0730		
2013-12-17	1.4678		5.2610		4.8320		
2013-12-16	1.6685		5.2360		
2013-12-15	2.7301		5.1110		
2013-12-13	1.3286		5.1980		
2013-12-12	1.4504		5.2540		
2013-12-11	1.4448		5.2460		
2013-12-10	1.4192		5.2300		4.7500		
2013-12-09	1.4298		5.2320		4.9040		
2013-12-08	2.8958		5.2120		
2013-12-06	1.4358		5.2060		
2013-12-05	1.4346		5.1880		4.8130		
2013-12-04	1.4150		5.1300		4.7870		
2013-12-03	1.4227		5.0820		4.7740		
2013-12-02	1.3919		5.0250		4.7590		
2013-12-01	2.8840		4.9440		
2013-11-29	1.4020		4.8210		4.6860		
2013-11-28	1.3235		4.7740		4.6690		
2013-11-27	1.3217		4.7540		4.6640		
2013-11-26	1.3144		4.7010		
2013-11-25	1.2355		4.6870		4.6520		
2013-11-24	2.6491		4.6950		
2013-11-22	1.3112		4.6970		4.6410		
2013-11-21	1.2852		4.6820		4.6360		
2013-11-20	1.2209		4.6750		4.6340		
2013-11-19	1.2866		4.7100		4.6400		
2013-11-18	1.2508		4.7080		4.6330		
2013-11-17	2.6527		4.7220		
2013-11-15	1.2839		4.6780		4.6020		
2013-11-14	1.2711		4.6780		
2013-11-13	1.2878		4.6770		4.5830		
2013-11-12	1.2835		4.6490		4.5790		
2013-11-11	1.2772		4.6150		4.6010		
2013-11-10	2.5686		4.6050		
2013-11-08	1.2840		4.5900		4.5950		
2013-11-07	1.2682		4.5780		4.5920		
2013-11-06	1.2335		4.5660		4.5910		
2013-11-05	1.2188		4.5810		4.5940		
2013-11-04	1.2585		4.6040		4.6000		
2013-11-03	2.5406		4.6070		
2013-11-01	1.2595		4.6050		4.5970		
2013-10-31	1.2453		4.6090		4.5970		
2013-10-30	1.2624		4.6200		4.6100		
2013-10-29	1.2625		4.6250		4.6100		
2013-10-28	1.2649		4.6270		4.6950		
2013-10-27	2.5363		4.6070		
2013-10-25	1.2673		4.5960		4.7100		
2013-10-24	1.2669		4.5900		4.7200		
2013-10-23	1.2722		4.5730		4.7300		
2013-10-22	1.2666		4.5200		4.7330		
2013-10-21	1.2271		4.4540		4.7360		
2013-10-20	2.5134		4.4900		
2013-10-18	1.2564		4.5310		4.7460		
2013-10-17	1.2341		4.5470		4.7360		
2013-10-16	1.1710		4.5950		4.7350		
2013-10-15	1.1405		4.6510		4.7510		
2013-10-14	1.2965		4.7500		4.7720		
2013-10-13	2.5915		4.7610		
2013-10-11	1.2857		4.7850		4.6950		
2013-10-10	1.3269		4.8020		4.6830		
2013-10-09	1.2784		4.7970		4.6640		
2013-10-08	1.3304		4.8180		4.7170		
2013-10-07	9.2276		4.8110		
2013-09-30	1.3091		4.9300		4.6410		
2013-09-29	2.6670		4.8810		
2013-09-27	1.4348		4.8210		
2013-09-26	1.3528		4.7380		4.5050		
2013-09-25	1.3424		4.6980		4.4910		
2013-09-24	1.3487		4.6590		4.4770		
2013-09-23	1.2159		4.5970		4.4520		
2013-09-22	5.1034		4.5820		
2013-09-18	1.2664		4.3620		4.3700		
2013-09-17	1.2310		4.3200		4.3610		
2013-09-16	1.1877		4.2920		4.3450		
2013-09-15	2.3731		4.2820		
2013-09-13	1.1276		4.2710		4.3190		
2013-09-12	1.1802		4.2810		4.3210		
2013-09-11	1.1855		4.2350		4.3210		
2013-09-10	1.1765		4.8720		4.3210		
2013-09-09	1.1681		4.8240		4.3120		
2013-09-08	2.3523		4.8000		
2013-09-06	1.1468		4.7590		4.3250		
2013-09-05	1.0928		4.7490		4.3230		
2013-09-04	2.4072		4.7730		4.3340		
2013-09-03	1.0844		4.0980		4.1810		
2013-09-02	1.1213		4.1310		4.1840		
2013-09-01	2.2734		4.1480		
2013-08-30	1.1289		4.1660		4.1260		
2013-08-29	1.1388		4.1790		4.3670		
2013-08-28	1.1115		4.1810		4.3740		
2013-08-27	1.1479		4.1910		
2013-08-26	1.1553		4.1790		4.4670		
2013-08-25	2.3079		4.1520		
2013-08-23	1.1531		4.1610		4.5280		
2013-08-22	1.1435		4.1610		4.5360		
2013-08-21	1.1291		4.1390		4.5480		
2013-08-20	1.1249		4.1460		4.5630		
2013-08-19	1.1035		4.1540		4.5070		
2013-08-18	2.3250		4.1550		
2013-08-16	1.1531		4.1290		
2013-08-15	1.1028		4.1120		4.1450		
2013-08-14	1.1422		4.1250		4.1490		
2013-08-13	1.1406		4.2980		4.1490		
2013-08-12	1.1040		4.2910		4.2840		
2013-08-11	2.2768		4.2940		
2013-08-09	1.1192		4.1400		4.3210		
2013-08-08	1.1287		4.0730		4.3520		
2013-08-07	1.4729		4.0610		4.3600		
2013-08-06	1.1280		3.8780		4.3250		
2013-08-05	1.1098		4.9430		
2013-08-04	1.9802		4.8180		
2013-08-02	0.9909		4.8380		4.7630		
2013-08-01	1.1063		4.8480		4.8600		
2013-07-31	1.1218		5.7280		4.8870		
2013-07-30	3.1710		5.9440		4.9140		
2013-07-29	0.8692		4.9280		4.9390		
2013-07-28	2.0189		4.8320		
2013-07-26	1.0107		4.4950		5.1310		
2013-07-25	2.7939		4.3240		5.2180		
2013-07-24	1.5359		3.2250		5.0930		
2013-07-23	1.2220		2.7830		5.0750		
2013-07-22	0.6855		2.4300		5.1510		
2013-07-21	1.3734		2.6960		
2013-07-19	0.6819		3.4620		
2013-07-18	0.6869		3.8470		5.5340		
2013-07-17	0.6871		4.2500		5.6370		
2013-07-16	0.5456		4.5920		5.7440		
2013-07-15	1.1952		5.0290		5.8780		
2013-07-14	2.8434		5.2440		
2013-07-12	1.4192		5.5220		5.6850		
2013-07-11	1.4511		5.6630		5.7030		
2013-07-10	1.3526		5.8500		5.7180		
2013-07-09	1.3824		6.0960		5.7480		
2013-07-08	1.6081		6.3190		5.9650		
2013-07-07	3.3768		6.4320		
2013-07-05	1.6902		6.5810		5.0820		
2013-07-04	1.8091		6.7120		4.9620		
2013-07-03	1.8238		6.6900		4.8280		
2013-07-02	1.8105		6.6350		4.7650		
2013-07-01	1.8242		6.6110		4.6990		
2013-06-30	3.6632		6.4450		
2013-06-28	1.9416		6.1180		4.1910		
2013-06-27	1.7601		5.9000		4.0550		
2013-06-26	1.7258		5.7800		3.9760		
2013-06-25	1.7631		5.6800		
2013-06-24	1.5057		5.5560		
2013-06-23	3.0362		5.5260		
2013-06-21	1.5189		5.1000		
2013-06-20	1.5306		4.5400		
2013-06-19	1.5349		5.2700		
2013-06-18	1.5284		4.7860		
2013-06-17	1.4487		4.3090		
2013-06-16	2.2283		3.8730		
2013-06-14	0.4311		3.3500		
2013-06-13	2.9293		3.4420		
2013-06-12	3.0645		2.2240		
2013-06-07	0.6079		2.4650		
2013-06-06	0.5933		2.5160		
2013-06-05	0.7012		2.9370		
2013-06-04	0.7086		3.0000		
2013-06-03	1.4213		3.0750		
2013-06-02	1.4213		3.0750		
2013-05-30	1.4009		3.1800		
2013-05-29	0.8138		2.8400		
2013-05-28	0.7835		3.4210		
2013-05-27	0.7712		3.6010		
2013-05-26	1.5601		3.5760		
2013-05-24	0.7715		3.5240		
2013-05-23	0.7473		3.5010		
2013-05-22	1.9278		3.4880		
2013-05-21	1.1289		2.8420		
2013-05-20	0.7222		2.6680		
2013-05-19	1.4617		2.7090		
2013-05-17	0.7264		2.7890		
2013-05-16	0.7233		2.8280		
2013-05-15	0.6884		2.8600		
2013-05-14	0.7953		2.9400		
2013-05-13	0.8006		2.9480		
2013-05-12	1.6155		2.9370		
2013-05-10	0.7998		2.8960		
2013-05-09	0.7940		2.8730		
2013-05-08	0.8336		2.8600		
2013-05-07	0.8092		2.8130		
2013-05-06	0.7796		2.7800		
2013-05-05	1.5381		2.7590		
2013-05-03	0.7549		2.7310		
2013-05-02	0.7702		2.7210		
2013-05-01	3.7124		2.6760		
2013-04-26	0.7363		3.1120		
2013-04-25	0.6826		3.1330		
2013-04-24	1.0052		3.2800		
2013-04-23	0.7372		3.4730		
2013-04-22	1.2473		3.4600		
2013-04-21	1.5601		3.1090		
2013-04-19	0.7762		3.2520		
2013-04-18	0.9644		3.3250		
2013-04-17	1.3759		3.2930		
2013-04-16	0.7202		3.0410		
2013-04-15	0.5658		3.0800		
2013-04-14	1.8347		3.2850		
2013-04-12	0.9149		3.2540		
2013-04-11	0.9040		3.2390		
2013-04-10	0.8917		3.2310		
2013-04-09	0.7959		3.2280		
2013-04-08	0.9585		3.3170		
2013-04-07	3.5499		3.3230		
2013-04-03	0.8858		3.4290		
2013-04-02	0.9679		3.4820		
2013-04-01	0.9692		3.4990		
2013-03-31	1.8881		3.5100		
2013-03-29	0.9363		3.5600		
2013-03-28	0.9283		3.5850		
2013-03-27	0.9879		3.5800		
2013-03-26	0.9998		3.5420		
2013-03-25	0.9903		3.4800		
2013-03-24	1.9846		3.4520		
2013-03-22	0.9844		3.0780		
2013-03-21	0.9195		2.7610		
2013-03-20	0.9141		2.6700		
2013-03-19	0.8795		2.6990		
2013-03-18	0.9379		2.7460		
2013-03-17	1.2677		2.7630		
2013-03-15	0.3764		3.1160		
2013-03-14	0.7441		3.4150		
2013-03-13	0.9715		3.5050		
2013-03-12	0.9697		3.4740		
2013-03-11	0.9687		3.4460		
2013-03-10	1.9451		3.4240		
2013-03-08	0.9501		3.3460		
2013-03-07	0.9169		3.3210		
2013-03-06	0.9130		3.2870		
2013-03-05	0.9142		3.2600		
2013-03-04	0.9265		3.2310		
2013-03-03	1.7964		3.1070		
2013-03-01	0.9011		2.8890		
2013-02-28	0.8527		2.7780		
2013-02-27	0.8621		2.6890		
2013-02-26	0.8578		2.5910		
2013-02-25	0.6884		2.4410		
2013-02-24	1.3793		7.1050		
2013-02-22	0.6878		7.2250		
2013-02-21	0.6816		7.2860		
2013-02-20	0.6737		7.3500		
2013-02-19	0.5708		7.4190		
2013-02-18	9.6322		7.5410		
2013-02-17	7.2455		2.9380		
2013-02-08	0.8140		3.2950		
2013-02-07	0.9090		3.3520		
2013-02-06	0.9123		3.3670		
2013-02-05	0.9128		3.3810		
2013-02-04	0.9200		3.3900		
2013-02-03	1.8515		3.3990		
2013-02-01	0.9224		3.3930		
2013-01-31	0.9377		3.3960		
2013-01-30	0.9399		3.3100		
2013-01-29	0.9293		3.2190		
2013-01-28	0.9384		3.1360		
2013-01-27	1.8390		2.8750		
2013-01-25	0.9281		2.3730		
2013-01-24	0.7741		2.3700		
2013-01-23	0.7642		2.3550		
2013-01-22	0.7707		2.4250		
2013-01-21	0.4381		2.2700		
2013-01-18	0.9224		2.2190		
