2014-06-03	0.7696		2.8682		3.2250		
2014-06-02	2.3182		2.8556		3.2740		
2014-05-30	0.8091		2.8980		3.2740		
2014-05-29	0.7834		2.9190		3.3130		
2014-05-28	0.8203		2.9801		3.3210		
2014-05-27	0.7455		3.2040		3.3260		
2014-05-26	0.7188		3.3330		3.3390		
2014-05-25	1.6800		3.4685		3.3750		
2014-05-23	0.8498		3.6065		3.3750		
2014-05-22	0.9009		3.6900		3.4270		
2014-05-21	1.2502		3.7390		4.5820		
2014-05-20	0.9931		3.6030		4.3210		
2014-05-19	0.9780		3.5930		4.3140		
2014-05-18	1.9445		3.5892		4.3070		
2014-05-16	1.0105		3.4161		4.3070		
2014-05-15	0.9942		3.3298		4.2900		
2014-05-14	0.9889		3.2426		4.2210		
2014-05-13	0.9751		3.1700		4.2050		
2014-05-12	0.9702		3.0910		4.1890		
2014-05-11	1.6125		5.8591		4.6690		
2014-05-09	0.8451		6.0133		4.1430		
2014-05-08	0.8269		6.0702		4.6610		
2014-05-07	0.8496		6.1365		4.6680		
2014-05-06	0.8237		6.1900		4.7050		
2014-05-05	6.2789		6.2570		4.7450		
2014-05-04	3.8165		3.4721		3.8250		
2014-04-30	0.9526		3.2835		3.8250		
2014-04-29	0.9513		3.2560		3.9050		
2014-04-28	0.9384		3.2190		3.9270		
2014-04-27	1.9273		3.0992		3.9510		
2014-04-25	0.9314		3.0331		3.9510		
2014-04-24	0.5962		4.4427		4.0100		
2014-04-23	0.8999		4.5827		4.0880		
2014-04-22	0.8799		4.6700		4.1160		
2014-04-21	0.7090		4.7594		4.1580		
2014-04-20	1.8005		4.9343		4.2130		
2014-04-18	3.6348		5.0863		4.2130		
2014-04-17	0.8646		3.7160		3.8030		
2014-04-16	1.0674		3.8051		3.8300		
2014-04-15	1.0514		3.7902		3.8460		
2014-04-14	1.0443		3.7992		3.8660		
2014-04-13	2.0921		3.8133		3.8840		
2014-04-11	1.0068		3.8397		3.8840		
2014-04-10	1.0354		3.8710		3.8640		
2014-04-09	1.0388		3.8776		3.8960		
2014-04-08	1.0687		3.8871		3.9650		
2014-04-07	3.2142		3.9155		4.0890		
2014-04-04	1.0667		3.8458		4.0890		
2014-04-03	1.0480		3.8221		4.3010		
2014-04-02	1.0572		3.8066		4.3720		
2014-04-01	1.1231		3.8620		4.4420		
2014-03-31	1.0278		3.8832		4.4860		
2014-03-30	2.0527		3.9451		4.5450		
2014-03-28	1.0213		3.9150		4.5450		
2014-03-27	1.0183		3.8996		4.7320		
2014-03-26	1.1629		4.0026		4.7970		
2014-03-25	1.1643		4.1454		4.8390		
2014-03-24	1.1464		4.2952		4.8660		
2014-03-23	1.9950		4.4548		5.2860		
2014-03-21	0.9917		4.9361		5.2860		
2014-03-20	1.2159		5.1825		5.5290		
2014-03-19	1.4367		5.3057		5.5690		
2014-03-18	1.4516		5.3186		5.5730		
2014-03-17	1.4525		5.2808		5.5760		
2014-03-16	2.9180		5.2338		5.5760		
2014-03-14	1.4644		5.1568		5.5760		
2014-03-13	1.4521		5.1135		5.5750		
2014-03-12	1.4615		5.0835		5.5710		
2014-03-11	1.3790		5.0545		5.5510		
2014-03-10	1.3624		5.0206		5.5690		
2014-03-09	2.7704		6.1692		5.5900		
2014-03-07	1.3813		6.2540		5.5900		
2014-03-06	1.3945		6.2921		5.6460		
2014-03-05	1.4059		6.3168		5.6620		
2014-03-04	1.3141		6.3466		5.6790		
2014-03-03	3.5651		6.4253		5.7010		
2014-03-02	2.9330		5.3258		5.3410		
2014-02-28	1.4544		5.3188		5.3410		
2014-02-27	1.4419		5.3194		5.3420		
2014-02-26	1.4631		5.3127		5.3470		
2014-02-25	1.4649		5.2522		5.3470		
2014-02-24	1.4566		5.2600		5.3470		
2014-02-23	2.9195		5.2747		5.3490		
2014-02-21	1.4556		5.3021		5.3490		
2014-02-20	1.4290		5.3260		5.3790		
2014-02-19	1.3472		5.3561		5.4340		
2014-02-18	1.4798		5.4374		5.4740		
2014-02-17	1.4847		5.4189		5.4880		
2014-02-16	2.9722		5.4239		5.4930		
2014-02-14	1.5013		5.4353		5.4930		
2014-02-13	1.4867		5.4329		5.5100		
2014-02-12	1.5031		5.4362		5.5120		
2014-02-11	1.4444		5.4310		5.5140		
2014-02-10	1.4943		5.4563		5.5230		
2014-02-09	2.9941		5.4557		5.5250		
2014-02-07	1.4967		5.4515		5.5250		
2014-02-06	10.451		5.4496		5.3890		
2014-01-30	1.6096		5.6472		5.3890		
2014-01-29	1.5790		5.5900		5.3310		
2014-01-28	1.5554		5.5552		5.3000		
2014-01-27	1.5137		5.5238		5.2710		
2014-01-26	3.0314		5.5218		5.2410		
2014-01-24	1.5411		5.5170		5.2410		
2014-01-23	1.5000		5.4959		4.8500		
2014-01-22	1.5123		5.4878		4.8190		
2014-01-21	1.4951		5.4390		4.8070		
2014-01-20	1.5099		5.3486		4.8240		
2014-01-19	3.0221		5.1316		4.7900		
2014-01-17	1.5006		5.0019		4.7900		
2014-01-16	1.4846		4.9639		4.6730		
2014-01-15	1.4187		4.9163		4.6450		
2014-01-14	1.3217		4.9054		4.6280		
2014-01-13	1.0938		4.9412		4.6270		
2014-01-12	2.7733		5.0696		4.6600		
2014-01-10	1.4278		4.4172		4.6600		
2014-01-09	1.3933		4.0912		4.6030		
2014-01-08	1.3977		4.1191		4.5690		
2014-01-07	1.3904		4.1452		4.5150		
2014-01-06	1.3401		4.1827		4.4970		
2014-01-05	1.5221		4.1698		4.4610		
2014-01-03	0.8025		4.7372		4.4610		
2014-01-02	1.4468		4.9624		4.7390		
2014-01-01	1.4478		4.8985		
2013-12-31	1.4623		4.8329		4.7060		
2013-12-30	1.3153		4.7584		4.5970		
2013-12-29	2.6104		4.7417		4.5810		
2013-12-27	1.2343		4.7349		4.5810		
2013-12-26	1.3243		4.7549		4.5520		
2013-12-25	1.3219		4.6906		4.5360		
2013-12-24	1.3195		4.5676		4.5240		
2013-12-23	1.2833		4.5488		4.5120		
2013-12-22	2.5973		4.4727		4.5040		
2013-12-20	1.2727		4.4835		4.5040		
2013-12-19	1.2009		4.4985		4.4770		
2013-12-18	1.0860		4.5373		4.4780		
2013-12-17	1.2835		4.6333		4.4680		
2013-12-16	1.1374		4.4842		4.4470		
2013-12-15	2.6179		4.5298		4.4440		
2013-12-13	1.3015		4.4508		4.4440		
2013-12-12	1.2754		4.4017		4.3560		
2013-12-11	1.2701		4.3796		4.3300		
2013-12-10	0.9975		4.3698		4.3140		
2013-12-09	1.2248		4.5021		4.3450		
2013-12-08	2.4664		4.5088		4.3310		
2013-12-06	1.2074		4.5181		4.3310		
2013-12-05	1.2330		4.5322		4.2920		
2013-12-04	1.2513		4.5173		4.2660		
2013-12-03	1.2512		4.4007		4.2470		
2013-12-02	1.2378		4.3541		4.2260		
2013-12-01	2.4841		4.2934		4.1460		
2013-11-29	1.2345		4.1822		4.1460		
2013-11-28	1.2045		4.1352		4.1040		
2013-11-27	1.0276		4.0943		4.0730		
2013-11-26	1.1618		4.1719		4.0960		
2013-11-25	1.1215		4.1778		4.0960		
2013-11-24	2.2707		4.1903		4.1020		
2013-11-22	1.1444		4.2063		4.1020		
2013-11-21	1.1261		4.2078		4.1160		
2013-11-20	1.1764		4.1856		4.1190		
2013-11-19	1.1731		4.1686		4.1180		
2013-11-18	1.1454		4.1456		4.1170		
2013-11-17	2.3015		3.9542		4.1180		
2013-11-15	1.1472		3.9611		4.1180		
2013-11-14	1.0836		3.9699		4.1220		
2013-11-13	1.1437		3.9376		4.1370		
2013-11-12	1.1291		3.9487		4.1420		
2013-11-11	0.7783		3.9649		4.1500		
2013-11-10	2.3147		4.1615		4.2130		
2013-11-08	1.1641		4.1617		4.2130		
2013-11-07	1.0216		4.1711		4.2100		
2013-11-06	1.1650		4.2349		4.2370		
2013-11-05	1.1603		4.2378		4.2400		
2013-11-04	1.1553		4.2414		4.2420		
2013-11-03	2.3151		4.2391		4.2440		
2013-11-01	1.1820		4.2480		4.2440		
2013-10-31	1.1440		4.2242		4.2440		
2013-10-30	1.1706		4.2387		4.2420		
2013-10-29	1.1672		4.2395		4.2520		
2013-10-28	1.1508		4.2426		4.2520		
2013-10-27	2.3322		4.2374		4.2550		
2013-10-25	1.1364		4.2098		4.2550		
2013-10-24	1.1718		4.2354		4.2610		
2013-10-23	1.1722		4.2373		4.2600		
2013-10-22	1.1731		4.2420		4.2590		
2013-10-21	1.1408		4.2432		4.2800		
2013-10-20	2.2792		4.2546		4.4000		
2013-10-18	1.1856		4.2983		4.4000		
2013-10-17	1.1755		4.2721		4.4760		
2013-10-16	1.1811		4.2509		4.4880		
2013-10-15	1.1755		4.2752		4.4840		
2013-10-14	1.1626		4.3159		4.4740		
2013-10-13	2.3631		4.3618		4.4860		
2013-10-11	1.1353		4.4339		4.4860		
2013-10-10	1.1348		4.4941		4.5260		
2013-10-09	1.2278		4.5545		4.5250		
2013-10-08	1.2534		4.5664		4.4360		
2013-10-07	8.7548		4.5650		4.3300		
2013-09-30	1.2850		4.5417		4.3300		
2013-09-29	2.6242		4.4598		4.2300		
2013-09-27	1.2794		4.2682		4.2300		
2013-09-26	1.2433		4.1895		4.1580		
2013-09-25	1.1592		4.1296		4.1400		
2013-09-24	1.1190		4.1307		4.1380		
2013-09-23	1.1280		4.1382		4.1410		
2013-09-22	4.5135		4.1152		4.2370		
2013-09-18	1.1613		4.0534		4.2370		
2013-09-17	1.1334		4.0575		4.2530		
2013-09-16	1.0839		4.0750		4.2450		
2013-09-15	2.1683		4.1154		4.2570		
2013-09-13	1.0643		4.1957		4.2570		
2013-09-12	1.1624		4.2476		4.2900		
2013-09-11	1.1693		4.2367		4.2840		
2013-09-10	1.1669		4.2243		4.2780		
2013-09-09	1.1614		4.2095		4.2760		
2013-09-08	2.3222		4.1921		4.2730		
2013-09-06	1.1639		4.1567		4.2730		
2013-09-05	1.1414		4.1324		4.2690		
2013-09-04	1.1456		4.4893		4.2720		
2013-09-03	1.1386		4.4779		4.2730		
2013-09-02	1.1279		4.4509		4.2770		
2013-09-01	2.2543		4.4631		4.2830		
2013-08-30	1.1173		4.4884		4.2830		
2013-08-29	1.8260		4.4902		4.2950		
2013-08-28	1.1236		4.1256		4.1580		
2013-08-27	1.0869		4.1317		4.1610		
2013-08-26	1.1513		4.1663		4.1690		
2013-08-25	2.3027		4.1648		4.1660		
2013-08-23	1.1208		4.1694		4.1660		
2013-08-22	1.1269		4.1845		4.1560		
2013-08-21	1.1353		4.2007		4.1660		
2013-08-20	1.1532		4.2095		4.4650		
2013-08-19	1.1483		4.2152		4.4690		
2013-08-18	2.3117		4.2221		4.4680		
2013-08-16	1.1497		4.2188		4.4680		
2013-08-15	1.1580		4.2101		4.4750		
2013-08-14	1.1522		4.1492		4.4780		
2013-08-13	1.1641		4.1418		4.4810		
2013-08-12	1.1615		4.1268		4.4810		
2013-08-11	2.3053		4.1109		4.4790		
2013-08-09	1.1331		4.0885		4.4790		
2013-08-08	1.0411		4.0737		4.4780		
2013-08-07	1.1380		4.1470		4.5000		
2013-08-06	1.1355		5.0448		4.5050		
2013-08-05	1.1310		5.0638		4.5100		
2013-08-04	2.2623		5.0722		4.5130		
2013-08-02	1.1046		5.0979		4.5130		
2013-08-01	1.1818		5.1427		4.5320		
2013-07-31	2.8598		5.1381		4.5210		
2013-07-30	1.1719		4.2564		4.2100		
2013-07-29	1.1471		4.2523		4.2070		
2013-07-28	2.3116		4.2547		4.2080		
2013-07-26	1.1905		4.2406		4.2080		
2013-07-25	1.1729		4.2189		4.1990		
2013-07-24	1.1689		4.2139		4.2810		
2013-07-23	1.1641		4.2133		4.2840		
2013-07-22	1.1517		4.2131		4.2870		
2013-07-21	2.2846		4.2128		4.2920		
2013-07-19	1.1488		4.2393		4.2920		
2013-07-18	1.1633		4.2335		4.2840		
2013-07-17	1.1678		4.2114		4.2150		
2013-07-16	1.1638		4.1602		4.1690		
2013-07-15	1.1510		4.1555		4.1220		
2013-07-14	2.3354		4.1574		4.0830		
2013-07-12	1.1378		4.1422		4.0830		
2013-07-11	1.1209		4.1432		3.8630		
2013-07-10	1.0696		4.4187		3.8160		
2013-07-09	1.1547		4.4786		3.7760		
2013-07-08	1.1546		4.4933		3.6720		
2013-07-07	2.3064		4.5060		3.6100		
2013-07-05	1.1396		4.5227		
2013-07-04	1.6494		4.4748		3.4250		
2013-07-03	1.1843		4.0159		3.2950		
2013-07-02	1.1830		3.8691		3.2410		
2013-07-01	1.1789		3.7176		3.1820		
2013-06-30	2.3384		3.5869		3.0910		
2013-06-28	1.0478		3.1582		3.0910		
2013-06-27	0.7693		2.9713		2.8420		
2013-06-26	0.9027		3.0128		2.8470		
2013-06-25	0.8926		2.9803		2.8270		
2013-06-24	0.9282		2.8061		2.8100		
2013-06-23	1.5163		2.7377		2.7860		
2013-06-21	0.6893		2.7816		2.7860		
2013-06-20	0.8489		2.8296		2.8070		
2013-06-19	0.8403		2.7680		2.7950		
2013-06-18	0.5585		2.7178		2.7830		
2013-06-17	0.7970		2.8146		2.9550		
2013-06-16	1.6005		2.7870		2.9480		
2013-06-14	0.7815		2.7285		2.9480		
2013-06-13	0.7306		2.7255		3.0580		
2013-06-12	3.7207		2.7595		3.0910		
2013-06-07	0.7757		2.8821		3.0910		
2013-06-06	0.7958		3.1390		
2013-06-05	0.7920		3.1270		
2013-06-04	0.7893		3.1180		
2013-06-03	0.7919		3.1080		
2013-06-02	1.5827		3.0890		
2013-05-30	0.7792		3.5838		3.0400		
2013-05-29	0.7763		3.5516		3.0420		
2013-05-28	1.5447		3.8247		3.0450		
2013-05-27	0.7579		3.3945		2.9160		
2013-05-26	1.5635		3.3779		2.9220		
2013-05-24	1.4514		3.3378		2.9220		
2013-05-23	0.7175		2.9670		2.8100		
2013-05-22	1.3000		2.9734		2.8200		
2013-05-21	0.7197		2.6800		2.7180		
2013-05-20	0.7260		2.6878		2.7230		
2013-05-19	1.4866		2.6650		2.7360		
2013-05-17	0.7404		2.6240		2.7360		
2013-05-16	0.7298		2.5677		2.7860		
2013-05-15	0.7373		2.6001		2.7980		
2013-05-14	0.7345		2.6307		2.8100		
2013-05-13	0.6823		2.6653		2.8210		
2013-05-12	1.4081		2.7223		2.8370		
2013-05-10	0.6324		4.0582		2.8370		
2013-05-09	0.7919		4.1393		2.9140		
2013-05-08	0.7960		4.1372		2.9230		
2013-05-07	0.8009		4.1362		3.0210		
2013-05-06	0.7916		4.1326		3.2130		
2013-05-05	3.9700		4.1338		3.3140		
2013-05-03	0.7880		2.8918		3.1750		
2013-05-02	0.7879		2.8950		3.2130		
2013-05-01	3.9700		2.9008		3.3140		
2013-04-26	0.7941		2.8813		3.3140		
2013-04-25	0.7990		2.9510		3.4610		
2013-04-24	0.8047		2.9756		3.4570		
2013-04-23	0.7968		3.2657		3.3370		
2013-04-22	0.7770		3.6811		3.4160		
2013-04-21	1.5541		3.7362		3.4170		
2013-04-19	0.9278		3.8279		3.4170		
2013-04-18	0.8462		3.7922		3.3270		
2013-04-17	1.3611		3.7910		3.2960		
2013-04-16	1.5934		3.8597		3.2000		
2013-04-15	0.8828		3.4718		3.0630		
2013-04-14	1.7299		3.4181		3.0430		
2013-04-12	0.8593		3.3310		3.0430		
2013-04-11	0.8439		3.2904		2.9920		
2013-04-10	1.4929		3.2579		2.9800		
2013-04-09	0.8494		2.8859		2.8650		
2013-04-08	0.7798		3.0936		2.8610		
2013-04-07	3.1259		3.0976		2.8720		
2013-04-03	0.7795		2.8391		2.8720		
2013-04-02	1.2477		2.8543		2.8730		
2013-04-01	0.7875		2.6226		2.7920		
2013-03-31	1.6100		2.6123		2.7640		
2013-03-29	0.3533		2.5596		2.7640		
2013-03-28	0.6669		2.7859		2.7510		
2013-03-27	0.8086		2.8417		2.7750		
2013-03-26	0.8034		2.8545		2.7730		
2013-03-25	0.7676		2.8677		2.7750		
2013-03-24	1.5091		2.8900		2.7850		
2013-03-22	0.7873		2.9347		2.7850		
2013-03-21	0.7738		2.9728		2.8190		
2013-03-20	0.8332		2.9470		2.8290		
2013-03-19	0.8287		2.9095		2.8300		
2013-03-18	0.8104		2.8852		2.8290		
2013-03-17	1.5948		2.7893		2.8300		
2013-03-15	0.8604		2.6678		2.8300		
2013-03-14	0.7242		2.4941		2.8820		
2013-03-13	0.7614		2.5366		2.9170		
2013-03-12	0.7821		2.5549		2.9460		
2013-03-11	0.6265		2.5710		2.9220		
2013-03-10	1.3617		2.6744		3.0700		
2013-03-08	0.5273		2.8316		3.0700		
2013-03-07	0.8058		2.9898		3.0700		
2013-03-06	0.7964		3.0047		3.1380		
2013-03-05	0.8130		3.0243		3.1380		
2013-03-04	0.8248		3.0295		3.1380		
2013-03-03	1.6632		3.0269		3.1380		
2013-03-01	0.8307		3.1155		3.1380		
2013-02-28	0.8344		3.1614		3.3630		
2013-02-27	0.8340		3.2092		3.3890		
2013-02-26	0.8229		3.2577		3.4160		
2013-02-25	0.8198		3.1671		3.4440		
2013-02-24	1.8331		3.2500		3.4460		
2013-02-22	0.9188		3.3167		3.4460		
2013-02-21	0.9260		3.3488		3.4760		
2013-02-20	0.9270		3.3772		3.4740		
2013-02-19	0.6491		3.4051		3.4700		
2013-02-18	0.9788		3.5779		3.5150		
2013-02-17	8.8245		3.5788		
2013-02-08	0.9807		3.3533		
2013-02-07	0.9860		3.5010		
2013-02-06	0.9860		3.4615		
2013-02-05	0.9859		3.4206		
2013-02-04	0.8312		3.3796		
2013-02-03	1.6612		3.4157		
2013-02-01	1.2639		3.4888		
2013-01-31	0.9103		
2013-01-30	0.9076		
2013-01-29	0.9073		
2013-01-28	0.9004		
2013-01-27	1.8013		
