2014-06-03	0.8377		3.0575		3.5030		
2014-06-02	2.5150		5.3651		3.5090		
2014-05-30	0.8372		5.2180		3.5090		
2014-05-29	0.9271		5.1920		3.5840		
2014-05-28	0.7467		5.0935		3.5790		
2014-05-27	5.2633		5.1040		3.5530		
2014-05-26	0.6354		2.7450		2.9820		
2014-05-25	1.5980		2.7960		3.0130		
2014-05-23	0.7863		2.7982		3.0130		
2014-05-22	0.7387		2.8040		3.0480		
2014-05-21	0.7661		2.8410		3.0630		
2014-05-20	0.7394		2.8600		3.0760		
2014-05-19	0.7337		2.8960		3.0950		
2014-05-18	1.6023		2.9262		3.1110		
2014-05-16	0.7978		2.9512		4.8330		
2014-05-15	0.8088		2.9545		3.1290		
2014-05-14	0.8030		2.9520		3.1310		
2014-05-13	0.8086		2.9900		3.1320		
2014-05-12	0.7913		3.0314		3.1380		
2014-05-11	1.6504		3.0851		4.9580		
2014-05-09	0.8041		3.1569		3.1480		
2014-05-08	0.8040		3.2039		3.1800		
2014-05-07	0.8768		3.2508		3.1890		
2014-05-06	0.8871		3.2590		3.1870		
2014-05-05	0.8942		3.2580		3.1850		
2014-05-04	3.5764		3.2467		3.6770		
2014-04-30	0.8925		3.2084		3.6770		
2014-04-29	0.8845		3.1950		3.7500		
2014-04-28	0.8732		3.1960		3.7750		
2014-04-27	1.7853		3.1874		3.7910		
2014-04-25	0.8666		3.1435		3.7910		
2014-04-24	0.8510		3.1284		3.8370		
2014-04-23	0.8675		3.1138		3.8550		
2014-04-22	0.8852		3.0839		3.8700		
2014-04-21	0.8573		3.0656		3.8820		
2014-04-20	1.7010		3.0739		3.8980		
2014-04-18	0.8376		3.1269		3.8980		
2014-04-17	0.8230		3.1573		3.9430		
2014-04-16	0.8103		3.1825		3.9620		
2014-04-15	0.8500		3.2103		3.9810		
2014-04-14	0.8732		4.5595		3.9920		
2014-04-13	1.8026		4.5965		4.0110		
2014-04-11	0.8960		4.6413		4.0110		
2014-04-10	0.8714		4.6743		4.1150		
2014-04-09	0.8636		5.4404		4.1570		
2014-04-08	3.4374		5.5110		4.2110		
2014-04-07	2.8328		4.2799		3.9770		
2014-04-04	0.9592		4.3568		3.9770		
2014-04-03	2.3406		4.3877		4.2290		
2014-04-02	0.9991		3.6829		4.8300		
2014-04-01	1.0764		3.6760		4.8790		
2014-03-31	0.9920		3.6239		4.9110		
2014-03-30	1.9882		3.6168		5.0620		
2014-03-28	1.0185		3.5813		5.0620		
2014-03-27	0.9888		3.5531		5.2110		
2014-03-26	0.9860		3.5423		5.2590		
2014-03-25	0.9764		3.5259		5.3270		
2014-03-24	0.9784		3.5054		5.3960		
2014-03-23	1.9202		3.5257		5.4640		
2014-03-21	0.9644		3.7338		5.4640		
2014-03-20	0.9681		3.8439		5.6750		
2014-03-19	0.9545		3.9644		5.7410		
2014-03-18	0.9371		4.1327		5.8100		
2014-03-17	1.0173		4.3024		5.8800		
2014-03-16	2.3194		4.5347		5.9390		
2014-03-14	1.1754		4.9406		5.9390		
2014-03-13	1.1992		5.1327		6.0540		
2014-03-12	1.2774		8.1302		6.0870		
2014-03-11	1.2625		8.1828		6.1140		
2014-03-10	1.4628		8.2134		6.1420		
2014-03-09	3.0978		8.5712		6.1410		
2014-03-07	1.5439		8.4044		6.1410		
2014-03-06	6.9477		8.3127		6.2010		
2014-03-05	1.3784		5.3993		5.4020		
2014-03-04	1.3212		5.4659		5.4190		
2014-03-03	2.1489		5.5621		5.4460		
2014-03-02	2.7780		5.2235		5.3310		
2014-02-28	1.3679		5.3452		5.3310		
2014-02-27	1.3605		5.4092		5.3580		
2014-02-26	1.5060		5.4708		5.3800		
2014-02-25	1.5057		5.4571		5.3790		
2014-02-24	1.4996		5.4419		5.3780		
2014-02-23	3.0113		5.4255		5.3740		
2014-02-21	1.4907		5.3680		5.3740		
2014-02-20	1.4786		5.3609		5.3660		
2014-02-19	1.4797		5.3482		5.3640		
2014-02-18	1.4767		5.3499		5.3660		
2014-02-17	1.4681		5.3514		5.3710		
2014-02-16	2.9010		5.3453		5.3720		
2014-02-14	1.4770		5.3264		5.3720		
2014-02-13	1.4544		5.3033		5.3800		
2014-02-12	1.4829		5.3100		5.3810		
2014-02-11	1.4795		5.3018		5.3820		
2014-02-10	1.4564		5.2954		5.3820		
2014-02-09	2.8648		5.3010		5.3660		
2014-02-07	1.4327		5.3373		5.3660		
2014-02-06	10.270		5.3553		5.0150		
2014-01-30	1.5338		5.4450		5.0150		
2014-01-29	1.4968		5.4074		4.9050		
2014-01-28	1.5012		5.4072		4.9100		
2014-01-27	1.4727		5.4136		4.9180		
2014-01-26	2.9450		5.4157		4.9020		
2014-01-24	1.4929		5.4191		4.9020		
2014-01-23	1.4617		5.4150		4.9050		
2014-01-22	1.4964		5.4173		4.9060		
2014-01-21	1.5136		5.4150		4.8990		
2014-01-20	1.4766		5.3952		4.8900		
2014-01-19	2.9516		5.3212		4.8850		
2014-01-17	1.4851		5.1409		4.8850		
2014-01-16	1.4661		5.0268		4.8750		
2014-01-15	1.4920		4.9278		4.8740		
2014-01-14	1.4755		4.8262		4.8690		
2014-01-13	1.3347		4.7268		4.8550		
2014-01-12	2.6058		4.6349		4.7620		
2014-01-10	1.2663		4.0630		4.7620		
2014-01-09	1.2763		3.8323		4.7090		
2014-01-08	1.2971		3.9653		4.6890		
2014-01-07	1.2849		4.0905		4.6750		
2014-01-06	1.1585		4.1345		4.6620		
2014-01-05	1.5090		4.2356		4.6650		
2014-01-03	0.8239		4.9841		4.6650		
2014-01-02	1.5312		5.3461		4.8250		
2014-01-01	1.5373		5.3117		
2013-12-31	1.3692		5.2639		4.7630		
2013-12-30	1.3525		5.3036		4.7060		
2013-12-29	2.9445		5.3498		4.6810		
2013-12-27	1.5180		5.3114		4.6810		
2013-12-26	1.4654		5.2966		4.5550		
2013-12-25	1.4455		5.2913		4.5010		
2013-12-24	1.4454		5.2955		4.4840		
2013-12-23	1.4410		5.2542		4.4270		
2013-12-22	2.8710		4.8286		4.3680		
2013-12-20	1.4896		4.5433		4.3680		
2013-12-19	1.4552		4.3628		4.1930		
2013-12-18	1.4536		4.1870		4.1450		
2013-12-17	1.3662		4.0493		4.0990		
2013-12-16	0.6247		3.9549		4.0460		
2013-12-15	2.3239		4.2464		4.1030		
2013-12-13	1.1435		4.2658		4.1030		
2013-12-12	1.1180		4.2934		4.0590		
2013-12-11	1.1894		4.3243		4.0170		
2013-12-10	1.1852		4.3212		4.0020		
2013-12-09	1.1838		4.3107		3.9820		
2013-12-08	2.3610		4.3003		3.9610		
2013-12-06	1.1965		4.2714		3.9610		
2013-12-05	1.1773		4.2684		3.9080		
2013-12-04	1.1835		4.2014		3.8930		
2013-12-03	1.1650		4.2694		3.8780		
2013-12-02	1.1639		4.1871		3.8530		
2013-12-01	2.3055		4.0955		3.8400		
2013-11-29	1.1908		3.9523		3.8400		
2013-11-28	1.0488		3.8492		3.8000		
2013-11-27	1.3139		3.8655		3.8010		
2013-11-26	1.0072		3.7544		3.7680		
2013-11-25	0.9882		3.7328		3.7690		
2013-11-24	2.0308		3.7695		3.7660		
2013-11-22	0.9931		3.8080		3.7660		
2013-11-21	1.0801		3.8250		3.8210		
2013-11-20	1.1008		3.6777		3.8250		
2013-11-19	0.9658		3.6631		3.8300		
2013-11-18	1.0585		3.6958		3.8690		
2013-11-17	2.1047		3.6768		3.8900		
2013-11-15	1.0258		3.6407		3.8900		
2013-11-14	0.7975		3.6888		3.9720		
2013-11-13	1.0728		3.8269		4.0270		
2013-11-12	1.0286		3.8251		4.0410		
2013-11-11	1.0220		3.7974		4.0610		
2013-11-10	2.0355		3.8186		4.0810		
2013-11-08	1.1181		3.8558		4.0810		
2013-11-07	1.0622		3.8384		4.1380		
2013-11-06	1.0694		3.8332		4.1780		
2013-11-05	0.9754		3.8311		4.1810		
2013-11-04	1.0628		3.8519		4.2040		
2013-11-03	2.1068		3.7992		4.2170		
2013-11-01	1.0848		3.9059		4.2170		
2013-10-31	1.0522		3.9311		4.2600		
2013-10-30	1.0654		3.9629		4.2790		
2013-10-29	1.0152		4.0008		4.2980		
2013-10-28	0.9618		4.1290		4.3370		
2013-10-27	2.3113		4.2650		4.4030		
2013-10-25	1.1332		4.3681		4.4030		
2013-10-24	1.1131		4.4290		4.4290		
2013-10-23	1.1382		4.4863		4.4350		
2013-10-22	1.2611		4.5052		4.4430		
2013-10-21	1.2226		4.4646		4.4310		
2013-10-20	2.5090		4.4394		4.4300		
2013-10-18	1.2500		4.3422		4.4300		
2013-10-17	1.2229		4.3549		4.4120		
2013-10-16	1.1746		4.4313		4.4000		
2013-10-15	1.1831		4.3880		4.3710		
2013-10-14	1.1744		4.4169		4.3580		
2013-10-13	2.3226		4.4981		4.3620		
2013-10-11	1.2742		4.6742		4.3620		
2013-10-10	1.3694		4.7033		4.3590		
2013-10-09	1.0917		4.6829		4.3360		
2013-10-08	1.2384		4.8072		4.3520		
2013-10-07	9.3110		4.8550		4.3520		
2013-09-30	1.2208		4.3766		4.3520		
2013-09-29	2.4314		4.3384		4.3210		
2013-09-27	1.2175		4.2777		4.3210		
2013-09-26	1.1578		4.2464		4.3110		
2013-09-25	1.1999		4.2463		4.3140		
2013-09-24	1.1661		4.2180		4.3140		
2013-09-23	1.1476		4.1746		4.3170		
2013-09-22	4.6299		4.2043		4.3200		
2013-09-18	1.1457		4.2736		4.3200		
2013-09-17	1.0828		4.3120		4.3360		
2013-09-16	1.2047		4.3729		4.3600		
2013-09-15	2.3844		4.3993		4.3680		
2013-09-13	1.1899		4.4105		4.3680		
2013-09-12	1.1884		4.4153		4.3990		
2013-09-11	1.2193		4.4142		4.4050		
2013-09-10	1.1997		4.3438		4.4100		
2013-09-09	1.2553		4.3703		4.4170		
2013-09-08	2.4058		4.3424		4.4150		
2013-09-06	1.1992		4.3332		4.4150		
2013-09-05	1.1862		4.3238		4.4480		
2013-09-04	1.0844		4.3236		4.4560		
2013-09-03	1.2505		4.3825		4.4830		
2013-09-02	1.2017		4.3501		4.4830		
2013-09-01	2.3883		4.3340		4.4770		
2013-08-30	1.1811		4.3307		4.4770		
2013-08-29	1.1859		4.3318		4.5360		
2013-08-28	1.1973		4.3207		4.5510		
2013-08-27	1.1884		4.3069		4.5700		
2013-08-26	1.1708		4.3451		4.5870		
2013-08-25	2.3819		4.3945		4.6120		
2013-08-23	1.1833		4.4790		4.6120		
2013-08-22	1.1645		4.5240		4.6930		
2013-08-21	1.1709		4.5612		4.7220		
2013-08-20	1.2617		4.6057		4.7500		
2013-08-19	1.2656		4.6013		4.7890		
2013-08-18	2.5439		4.5883		4.8350		
2013-08-16	1.2695		4.6028		4.8350		
2013-08-15	1.2360		4.6114		4.9800		
2013-08-14	1.2561		4.6184		5.0350		
2013-08-13	1.2534		4.6359		5.0870		
2013-08-12	1.2405		4.6346		5.1410		
2013-08-11	2.5717		4.5900		5.1970		
2013-08-09	1.2860		4.6523		5.1970		
2013-08-08	1.2495		4.6780		5.3480		
2013-08-07	1.2897		4.7049		5.4020		
2013-08-06	1.2508		4.7326		5.4510		
2013-08-05	1.1550		4.7668		5.5030		
2013-08-04	2.6913		4.8735		5.5650		
2013-08-02	1.3353		4.9161		5.5650		
2013-08-01	1.3009		4.9596		5.6290		
2013-07-31	1.3430		5.0014		5.6530		
2013-07-30	1.3164		5.0267		5.7160		
2013-07-29	1.3596		5.1533		5.7710		
2013-07-28	2.7730		5.2874		5.8460		
2013-07-26	1.4186		5.5482		5.8460		
2013-07-25	1.3812		5.6707		5.9750		
2013-07-24	1.3914		5.8134		6.0080		
2013-07-23	1.5592		5.9539		5.9570		
2013-07-22	1.6169		6.0098		5.8500		
2013-07-21	3.2730		6.0368		5.7260		
2013-07-19	1.6537		6.0699		5.7260		
2013-07-18	1.6547		6.0823		5.3720		
2013-07-17	1.6609		6.0878		5.2550		
2013-07-16	1.6664		6.0896		5.1340		
2013-07-15	1.6688		6.0834		5.0170		
2013-07-14	3.3364		6.0641		4.8870		
2013-07-12	1.6774		5.8901		4.8870		
2013-07-11	1.6654		5.8026		4.5530		
2013-07-10	1.6643		5.7093		4.4960		
2013-07-09	1.6544		5.7958		4.4350		
2013-07-08	1.6318		5.8381		4.3710		
2013-07-07	3.0028		5.9964		4.2500		
2013-07-05	1.5095		6.2479		
2013-07-04	1.4866		6.3446		3.8420		
2013-07-03	1.8302		6.4234		3.7560		
2013-07-02	1.7354		5.9891		3.6250		
2013-07-01	1.9355		5.4679		3.4850		
2013-06-30	3.4850		4.8084		3.3040		
2013-06-28	1.6951		3.7092		3.3040		
2013-06-27	1.6377		3.2583		2.9260		
2013-06-26	0.9972		2.7984		2.8180		
2013-06-25	0.7359		2.6631		2.7900		
2013-06-24	0.6706		2.6781		2.7960		
2013-06-23	1.3770		2.6785		2.8080		
2013-06-21	0.8304		2.8148		2.8080		
2013-06-20	0.7556		2.8047		2.8200		
2013-06-19	0.7378		2.8288		2.8260		
2013-06-18	0.7646		2.8687		2.8320		
2013-06-17	0.6715		2.8947		2.8310		
2013-06-16	1.6384		2.9693		2.8430		
2013-06-14	0.8110		2.9643		2.8430		
2013-06-13	0.8017		2.9595		2.8430		
2013-06-12	4.0723		2.9730		2.8540		
2013-06-07	0.8018		2.7124		2.8540		
2013-06-06	0.8276		2.8360		
2013-06-05	0.8237		2.8230		
2013-06-04	0.6646		2.7650		
2013-06-03	0.5490		2.8290		
2013-06-02	1.5352		2.8570		
2013-05-30	0.8091		2.8374		2.8530		
2013-05-29	0.7867		2.8305		2.8490		
2013-05-28	0.7776		2.8295		2.8490		
2013-05-27	0.7630		2.8198		2.8490		
2013-05-26	1.5544		2.8216		3.1350		
2013-05-24	0.7508		2.8629		3.1350		
2013-05-23	0.7959		2.8958		3.1750		
2013-05-22	0.7847		2.9043		3.1870		
2013-05-21	0.7590		2.9174		3.2020		
2013-05-20	0.7665		2.9453		3.2180		
2013-05-19	1.6336		2.9625		3.2360		
2013-05-17	0.8139		2.9485		3.2360		
2013-05-16	0.8121		2.9308		3.2670		
2013-05-15	0.8099		2.8850		3.2750		
2013-05-14	0.8126		2.6634		3.2850		
2013-05-13	0.7994		2.8429		3.2930		
2013-05-12	1.6068		2.8231		3.2980		
2013-05-10	0.7799		2.7936		3.2980		
2013-05-09	0.7242		2.7483		3.3200		
2013-05-08	0.3849		3.7904		3.3350		
2013-05-07	1.1570		4.0409		3.3850		
2013-05-06	0.7614		3.8888		3.5460		
2013-05-05	1.5501		3.9429		3.5740		
2013-05-03	0.6932		4.0370		3.5740		
2013-05-02	2.7227		4.1254		3.6800		
2013-05-01	4.3262		3.1705		3.1560		
2013-04-26	0.8628		3.2469		3.1560		
2013-04-25	0.8914		3.2621		3.1480		
2013-04-24	0.8997		3.2540		3.1170		
2013-04-23	0.8817		3.2466		3.0990		
2013-04-22	0.9015		3.2421		3.0660		
2013-04-21	1.7899		3.2085		3.0210		
2013-04-19	0.8918		3.1681		3.0210		
2013-04-18	0.8760		3.1461		2.9270		
2013-04-17	0.8855		3.1263		2.9110		
2013-04-16	0.8730		3.0641		2.8980		
2013-04-15	0.8370		3.8554		2.8790		
2013-04-14	1.7125		3.7909		2.8430		
2013-04-12	0.8496		3.5030		2.8430		
2013-04-11	0.8380		3.3625		2.7390		
2013-04-10	0.7662		3.2281		2.7220		
2013-04-09	2.3907		3.1427		2.7230		
2013-04-08	0.7133		2.3237		2.5050		
2013-04-07	2.3206		2.4074		3.2140		
2013-04-03	0.6024		2.8588		3.2140		
2013-04-02	0.8201		2.9411		3.4200		
2013-04-01	0.8739		2.8432		3.4380		
2013-03-31	1.6917		2.6753		3.4490		
2013-03-29	0.8442		2.4311		3.4490		
2013-03-28	0.6503		2.3755		3.4910		
2013-03-27	0.7602		2.4290		3.5320		
2013-03-26	0.6324		2.4456		3.5540		
2013-03-25	0.5519		2.4920		3.5990		
2013-03-24	1.2233		2.4996		3.6400		
2013-03-22	0.7376		2.4155		3.6400		
2013-03-21	0.7529		2.3958		3.7220		
2013-03-20	0.7921		2.3722		3.7380		
2013-03-19	0.7214		2.3617		3.7480		
2013-03-18	0.5664		2.3605		3.7670		
2013-03-17	1.0621		2.4364		3.8300		
2013-03-15	0.6998		2.6952		3.8300		
2013-03-14	0.7076		5.6798		4.0410		
2013-03-13	0.7719		5.8244		4.1050		
2013-03-12	0.7192		5.9336		4.1630		
2013-03-11	0.7119		6.0551		4.2360		
2013-03-10	1.5584		6.1856		4.2280		
2013-03-08	6.4237		6.3514		4.2280		
2013-03-07	0.9850		3.5121		2.9830		
2013-03-06	0.9813		3.5018		2.9850		
2013-03-05	0.9522		3.4770		2.9860		
2013-03-04	0.9621		3.4876		2.9920		
2013-03-03	1.8765		3.4387		2.9910		
2013-03-01	0.9784		3.3443		2.9910		
2013-02-28	0.9652		3.2992		3.0020		
2013-02-27	0.9339		3.2543		3.0020		
2013-02-26	0.9724		3.2213		3.0110		
2013-02-25	0.8684		3.1667		3.0100		
2013-02-24	1.6955		3.0606		3.0250		
2013-02-22	0.8919		2.8613		3.0250		
2013-02-21	0.8791		2.7386		3.0870		
2013-02-20	0.8706		2.6226		3.1030		
2013-02-19	0.8677		2.5111		3.1230		
2013-02-18	0.6649		2.4010		3.1450		
2013-02-17	5.9097		2.3967		3.5160		
2013-02-08	0.6250		3.4083		3.5160		
2013-02-07	1.0018		3.5916		3.9320		
2013-02-06	0.9928		3.5701		3.9530		
2013-02-05	0.9933		3.5746		3.9750		
2013-02-04	0.9594		3.5597		3.9950		
2013-02-03	1.9641		3.5748		4.0190		
2013-02-01	0.9766		3.6138		4.0190		
2013-01-31	0.9605		3.6396		4.0720		
2013-01-30	1.0015		3.6608		4.0950		
2013-01-29	0.9648		3.6718		4.1140		
2013-01-28	0.9883		3.7089		4.1460		
2013-01-27	2.0389		3.7309		4.1490		
2013-01-25	1.0260		3.7407		4.1490		
2013-01-24	1.0012		3.7432		4.1850		
2013-01-23	1.0227		3.7647		4.1970		
2013-01-22	1.0359		4.7907		4.1940		
2013-01-21	1.0305		4.8025		4.1750		
2013-01-20	2.0576		4.8091		4.1560		
2013-01-18	1.0309		4.8262		4.1560		
2013-01-17	1.0424		4.7553		4.1020		
2013-01-16	2.9904		4.8162		4.0830		
2013-01-15	1.0584		3.8631		3.8070		
2013-01-14	1.0433		3.9075		3.7850		
2013-01-13	2.0904		3.9598		3.7550		
2013-01-11	0.8949		4.0607		3.7550		
2013-01-10	1.1591		4.1943		3.6610		
2013-01-09	1.1625		4.1903		3.5960		
2013-01-08	1.1437		4.1844		3.5690		
2013-01-07	1.1435		4.1884		3.5450		
2013-01-06	2.2839		4.0966		3.5200		
2013-01-04	1.1512		4.0715		3.5200		
2013-01-03	3.4540		4.0476		3.4470		
2012-12-31	0.9674		3.8012		3.4470		
2012-12-30	2.2357		3.7570		3.3630		
2012-12-28	1.1055		3.5105		3.3630		
2012-12-27	1.0919		3.4125		3.2950		
2012-12-26	0.9972		3.3071		3.2750		
2012-12-25	0.8922		3.2458		3.2670		
2012-12-24	0.8828		3.2420		3.2710		
2012-12-23	1.7629		3.2048		3.2620		
2012-12-21	0.9176		3.1371		3.2620		
2012-12-20	0.8896		2.9902		3.2460		
2012-12-19	0.8798		2.8709		3.2440		
2012-12-18	0.8849		2.9075		3.2430		
2012-12-17	0.8114		2.9464		3.2370		
2012-12-16	1.6331		3.0217		3.2430		
2012-12-14	0.6358		3.1712		3.2430		
2012-12-13	0.6609		3.3398		3.2280		
2012-12-12	0.9499		3.4908		3.1680		
2012-12-11	0.9596		3.4852		3.1670		
2012-12-10	0.9557		3.4747		3.1650		
2012-12-09	1.9199		3.4669		3.1630		
2012-12-07	0.9590		3.4456		3.1630		
2012-12-06	0.9506		3.4370		3.1560		
2012-12-05	0.9392		3.4309		3.1560		
2012-12-04	0.9394		3.4306		3.1570		
2012-12-03	0.9407		3.4202		3.1590		
2012-12-02	1.8791		3.3541		3.1600		
2012-11-30	0.9426		3.2387		3.1600		
2012-11-29	0.9388		3.2158		3.1630		
2012-11-28	0.9387		3.1823		3.1650		
2012-11-27	0.9194		3.1473		3.1670		
2012-11-26	0.8140		3.1063		3.1710		
2012-11-25	1.6578		3.1278		3.1890		
2012-11-23	0.8986		3.1470		
2012-11-22	0.8745		2.9177		3.2280		
2012-11-21	0.8717		2.5694		
2012-11-20	0.8406		2.6055		
2012-11-19	0.8553		2.6572		
2012-11-18	1.6947		2.7025		
2012-11-16	0.4587		2.8017		
2012-11-15	0.2067		3.0552		
2012-11-14	0.9408		3.4416		
2012-11-13	0.9398		3.4454		
2012-11-12	0.9422		3.4506		
2012-11-11	1.8850		3.4546		
2012-11-09	0.9447		3.4624		
2012-11-08	0.9479		3.4652		
2012-11-07	0.9480		3.4667		
2012-11-06	0.9498		3.4691		
2012-11-05	0.9499		3.4695		
2012-11-04	1.8999		3.4697		
2012-11-02	0.9501		3.4702		
2012-11-01	0.9508		3.4731		
2012-10-31	0.9525		3.4729		
2012-10-30	0.9506		3.3984		
2012-10-29	0.9504		3.3420		
2012-10-28	1.9007		3.2043		
2012-10-26	0.9557		
2012-10-25	0.9504		
2012-10-24	0.8096		
2012-10-23	0.8426		
2012-10-22	0.6862		
2012-10-19	0.9189		
