2014-06-03	0.8916		3.3020		3.3020		
2014-06-02	2.7520		3.3017		3.3220		
2014-05-30	0.9151		3.2240		3.3220		
2014-05-29	0.8945		3.2390		3.3510		
2014-05-28	0.8787		3.2692		3.3960		
2014-05-27	0.8918		3.3030		3.4170		
2014-05-26	0.7152		3.3280		3.5040		
2014-05-25	1.8879		3.4449		3.5740		
2014-05-23	0.9432		3.4551		3.5740		
2014-05-22	0.9529		3.4630		3.6260		
2014-05-21	0.9428		3.5220		4.6950		
2014-05-20	0.9399		3.5310		4.7170		
2014-05-19	0.9399		3.6810		4.7330		
2014-05-18	1.9075		3.7030		4.8330		
2014-05-16	0.9575		3.7616		4.8330		
2014-05-15	1.0666		3.7901		5.2370		
2014-05-14	0.9610		5.8679		5.2320		
2014-05-13	1.2269		5.9020		4.8990		
2014-05-12	0.9827		5.7841		4.8570		
2014-05-11	2.0194		5.8209		4.4340		
2014-05-09	1.0120		5.8995		4.8170		
2014-05-08	5.0515		5.9376		4.8000		
2014-05-07	1.0263		3.8694		3.7400		
2014-05-06	1.0008		3.8960		3.7150		
2014-05-05	1.0534		3.9300		3.6870		
2014-05-04	4.3403		3.8121		3.5170		
2014-04-30	1.0778		3.6105		3.5170		
2014-04-29	1.0650		3.5330		3.3390		
2014-04-28	0.8277		3.4440		3.2800		
2014-04-27	1.9988		3.4767		3.3000		
2014-04-25	0.9702		3.3104		3.3000		
2014-04-24	0.9848		3.2420		3.1850		
2014-04-23	0.9287		3.1700		3.1600		
2014-04-22	0.8946		3.1459		3.1950		
2014-04-21	0.8906		3.1158		3.1900		
2014-04-20	1.6798		3.1231		4.7230		
2014-04-18	0.8391		3.1174		4.7230		
2014-04-17	0.8467		3.1289		4.8220		
2014-04-16	0.8825		3.1509		4.9050		
2014-04-15	0.8368		3.2445		6.4790		
2014-04-14	0.9047		6.1200		6.5680		
2014-04-13	1.6688		6.1931		6.6330		
2014-04-11	0.8611		6.4127		6.6330		
2014-04-10	0.8890		6.5154		6.8890		
2014-04-09	1.0620		6.6588		6.9620		
2014-04-08	6.3513		9.7135		7.0230		
2014-04-07	3.1349		7.0158		5.5800		
2014-04-04	1.0580		7.2032		5.5800		
2014-04-03	1.1641		7.2618		5.8130		
2014-04-02	6.9203		7.2644		5.8200		
2014-04-01	1.1776		4.3320		4.0490		
2014-03-31	1.1555		4.3130		4.6500		
2014-03-30	2.3389		4.3393		4.6890		
2014-03-28	1.1703		4.3546		4.6890		
2014-03-27	1.1691		4.3648		4.8350		
2014-03-26	1.2972		4.3754		4.8810		
2014-03-25	1.1406		4.3516		4.8950		
2014-03-24	1.2058		4.9861		4.9620		
2014-03-23	2.3683		5.0384		5.0190		
2014-03-21	1.1898		5.2183		5.0190		
2014-03-20	1.1895		5.3050		5.2030		
2014-03-19	1.2515		5.3872		5.2480		
2014-03-18	2.3574		5.4393		5.2840		
2014-03-17	1.3061		4.9373		5.0570		
2014-03-16	2.7134		4.9988		5.1040		
2014-03-14	1.3561		5.0672		5.1040		
2014-03-13	1.3471		5.1019		5.2160		
2014-03-12	1.3515		5.1098		5.2520		
2014-03-11	1.3946		5.1297		5.2850		
2014-03-10	1.4240		5.1763		5.2590		
2014-03-09	2.8447		5.2088		5.2650		
2014-03-07	1.4225		5.2904		5.2650		
2014-03-06	1.3624		5.3304		5.2860		
2014-03-05	1.3895		5.3934		5.3000		
2014-03-04	1.4840		5.4412		5.3270		
2014-03-03	1.4864		5.3410		5.3340		
2014-03-02	3.0011		5.3207		5.3380		
2014-02-28	1.4992		5.2679		5.3380		
2014-02-27	1.4833		5.2422		5.3410		
2014-02-26	1.4812		5.2061		5.3460		
2014-02-25	1.2918		5.2127		5.3500		
2014-02-24	1.4474		5.3270		5.4020		
2014-02-23	2.8999		5.3551		5.4040		
2014-02-21	1.4499		5.4111		5.4040		
2014-02-20	1.4141		5.4398		5.4350		
2014-02-19	1.4938		5.4866		5.4620		
2014-02-18	1.5111		5.4870		5.4630		
2014-02-17	1.5013		5.4776		5.4570		
2014-02-16	3.0073		5.4533		5.4530		
2014-02-14	1.5048		5.3853		5.4530		
2014-02-13	1.5040		5.3507		5.3510		
2014-02-12	1.4945		5.3315		5.3430		
2014-02-11	1.4931		5.3173		5.3260		
2014-02-10	1.4547		5.3037		5.3110		
2014-02-09	2.8769		5.3103		5.2460		
2014-02-07	1.4384		5.3402		5.2460		
2014-02-06	10.270		5.3552		5.3120		
2014-01-30	1.4672		5.1996		5.3120		
2014-01-29	1.4288		5.2111		5.2960		
2014-01-28	1.4358		5.2501		5.3100		
2014-01-27	1.2057		5.2348		5.2870		
2014-01-26	2.9561		5.3707		5.3480		
2014-01-24	1.4783		5.3783		5.3480		
2014-01-23	1.4892		5.3818		5.3510		
2014-01-22	1.5036		5.3812		5.3480		
2014-01-21	1.4065		5.3707		5.3560		
2014-01-20	1.4662		5.3394		5.3540		
2014-01-19	2.9708		5.3253		5.3320		
2014-01-17	1.4849		5.3212		5.3320		
2014-01-16	1.4882		5.3195		5.0430		
2014-01-15	1.4834		5.3145		5.0130		
2014-01-14	1.3464		5.3420		4.9240		
2014-01-13	1.4392		5.3682		4.9910		
2014-01-12	2.9630		5.3396		4.9950		
2014-01-10	1.4815		4.9475		4.9950		
2014-01-09	1.4787		4.7662		4.9980		
2014-01-08	1.5361		4.6032		4.9860		
2014-01-07	1.3966		4.5752		4.9550		
2014-01-06	1.3844		4.6132		4.9740		
2014-01-05	2.2111		4.6501		4.9960		
2014-01-03	1.1338		5.0534		4.9960		
2014-01-02	1.1660		5.2305		5.3020		
2014-01-01	1.4825		5.3687		
2013-12-31	1.4694		5.3342		5.3580		
2013-12-30	1.4552		5.3352		5.3070		
2013-12-29	2.9845		5.3409		5.2510		
2013-12-27	1.4735		5.3574		5.2510		
2013-12-26	1.4311		5.3731		5.1290		
2013-12-25	1.4163		5.3762		5.0990		
2013-12-24	1.4712		5.3747		5.0300		
2013-12-23	1.4662		5.2791		4.9740		
2013-12-22	3.0162		5.1613		4.9330		
2013-12-20	1.5036		4.9755		4.9330		
2013-12-19	1.4371		4.8845		4.7780		
2013-12-18	1.4134		4.8210		4.7360		
2013-12-17	1.2878		4.6849		4.7130		
2013-12-16	1.2402		4.6679		4.7090		
2013-12-15	2.6600		4.7053		4.8400		
2013-12-13	1.3290		4.6822		4.8400		
2013-12-12	1.3154		4.6718		4.8610		
2013-12-11	1.1524		4.6513		4.8690		
2013-12-10	1.2552		4.7419		4.9070		
2013-12-09	1.3119		4.7510		4.9140		
2013-12-08	2.6157		4.9756		4.8460		
2013-12-06	1.3090		5.0266		4.8460		
2013-12-05	1.2761		5.0508		4.8260		
2013-12-04	1.3262		5.0872		4.8160		
2013-12-03	1.2726		5.0726		4.8160		
2013-12-02	1.7427		5.0771		4.8390		
2013-12-01	2.7135		4.7158		4.7440		
2013-11-29	1.3554		4.6391		4.7440		
2013-11-28	1.3458		4.6018		4.7290		
2013-11-27	1.2982		4.5443		4.7280		
2013-11-26	1.2813		4.5593		4.7420		
2013-11-25	1.0498		4.6018		4.7540		
2013-11-24	2.5664		4.7716		4.8270		
2013-11-22	1.2839		4.8278		4.8270		
2013-11-21	1.2355		4.8566		4.8780		
2013-11-20	1.3270		4.9124		4.9080		
2013-11-19	1.3627		4.9241		4.9120		
2013-11-18	1.3756		4.9053		4.9100		
2013-11-17	2.6741		4.8825		4.9070		
2013-11-15	1.3391		4.8765		4.9070		
2013-11-14	1.3426		4.8998		4.9330		
2013-11-13	1.3494		4.9035		4.9450		
2013-11-12	1.3266		4.8992		4.9500		
2013-11-11	1.3319		4.9156		4.9590		
2013-11-10	2.6625		4.9320		4.9690		
2013-11-08	1.3838		4.9730		4.9690		
2013-11-07	1.3497		4.9661		4.9640		
2013-11-06	1.3413		4.9867		4.9510		
2013-11-05	1.3579		5.0007		4.9530		
2013-11-04	1.3635		5.0026		4.9450		
2013-11-03	2.7411		5.0058		4.9410		
2013-11-01	1.3706		5.0183		4.9410		
2013-10-31	1.3891		4.9625		4.9270		
2013-10-30	1.3681		4.9162		4.9180		
2013-10-29	1.3616		4.9052		4.9290		
2013-10-28	1.3696		4.8884		4.9420		
2013-10-27	2.7651		4.8771		4.9490		
2013-10-25	1.2637		4.8453		4.9490		
2013-10-24	1.3002		4.8915		4.9920		
2013-10-23	1.3470		4.9207		5.0170		
2013-10-22	1.3294		4.9532		5.0310		
2013-10-21	1.3480		4.9949		5.0450		
2013-10-20	2.7040		5.0204		5.0550		
2013-10-18	1.3523		5.0684		5.0550		
2013-10-17	1.3563		5.0917		5.0950		
2013-10-16	1.4093		5.1138		5.1130		
2013-10-15	1.4094		5.1083		5.1080		
2013-10-14	1.3968		5.0702		5.0700		
2013-10-13	2.7961		5.0410		4.9740		
2013-10-11	1.3970		4.9814		4.9740		
2013-10-10	1.3986		4.9521		4.9640		
2013-10-09	1.3989		4.9220		4.9620		
2013-10-08	1.3362		4.8918		4.8900		
2013-10-07	9.3862		4.8942		4.6640		
2013-09-30	1.3651		4.8259		4.6640		
2013-09-29	2.7820		4.7175		4.4930		
2013-09-27	1.3747		4.4911		4.4930		
2013-09-26	1.3900		4.3864		4.2990		
2013-09-25	1.1211		4.2737		4.2290		
2013-09-24	1.2223		4.3008		4.2410		
2013-09-23	1.1571		4.2726		4.2350		
2013-09-22	4.6957		4.2678		4.2510		
2013-09-18	1.1730		4.1846		4.2510		
2013-09-17	1.1683		4.1803		4.2500		
2013-09-16	1.1478		4.1972		4.2600		
2013-09-15	2.2772		4.1882		4.2830		
2013-09-13	1.1366		4.2340		4.2830		
2013-09-12	1.1224		4.2563		4.3530		
2013-09-11	1.1648		4.2974		4.3850		
2013-09-10	1.2007		4.3191		4.4040		
2013-09-09	1.1304		4.3238		4.4150		
2013-09-08	2.3651		4.3785		4.4260		
2013-09-06	1.1793		4.4243		4.4260		
2013-09-05	1.2013		4.4496		4.4450		
2013-09-04	1.2064		4.4722		4.4710		
2013-09-03	1.2097		4.4886		4.4920		
2013-09-02	1.2354		4.5059		4.5030		
2013-09-01	2.4528		4.4735		4.5200		
2013-08-30	1.2278		4.4509		4.5200		
2013-08-29	1.2447		4.4407		4.5520		
2013-08-28	1.2378		4.4691		4.5540		
2013-08-27	1.2429		4.4959		4.5650		
2013-08-26	1.1734		4.4999		4.5570		
2013-08-25	2.4094		4.5655		4.5830		
2013-08-23	1.2083		4.6319		4.5830		
2013-08-22	1.2990		4.6625		4.6070		
2013-08-21	1.2892		4.6396		4.6040		
2013-08-20	1.2507		4.6338		4.5990		
2013-08-19	1.2992		4.6134		4.6100		
2013-08-18	2.5366		4.6006		4.5960		
2013-08-16	1.2671		4.5543		4.5960		
2013-08-15	1.2550		4.5522		4.6430		
2013-08-14	1.2782		4.5687		4.6620		
2013-08-13	1.2116		4.5646		4.6720		
2013-08-12	1.2745		4.6058		4.7020		
2013-08-11	2.4478		4.5910		4.7200		
2013-08-09	1.2632		4.6941		4.7200		
2013-08-08	1.2866		4.7341		4.7980		
2013-08-07	1.2703		4.7549		4.7810		
2013-08-06	1.2906		4.7803		4.7830		
2013-08-05	1.2462		4.7986		4.7610		
2013-08-04	2.6455		4.8489		4.7330		
2013-08-02	1.3399		4.8635		4.7330		
2013-08-01	1.3265		4.8616		4.5860		
2013-07-31	1.3190		4.8076		4.5500		
2013-07-30	1.3257		4.7853		4.5150		
2013-07-29	1.3426		4.7232		4.4760		
2013-07-28	2.6735		4.6173		4.4310		
2013-07-26	1.3364		4.4063		4.4310		
2013-07-25	1.2229		4.3100		4.9100		
2013-07-24	1.2761		4.2919		4.9020		
2013-07-23	1.2066		4.2452		4.8830		
2013-07-22	1.1395		4.2293		4.8790		
2013-07-21	2.2690		4.2438		4.8840		
2013-07-19	1.1516		4.2905		4.8840		
2013-07-18	1.1882		5.5100		4.9420		
2013-07-17	1.1866		5.5112		4.7720		
2013-07-16	1.1760		5.5210		4.8470		
2013-07-15	1.1674		5.5292		4.9240		
2013-07-14	2.3586		5.5242		4.9960		
2013-07-12	3.4904		5.5607		4.9960		
2013-07-11	1.1905		4.3731		4.5690		
2013-07-10	1.2053		4.0333		4.6120		
2013-07-09	1.1917		4.1738		4.5660		
2013-07-08	1.1578		4.3185		4.4590		
2013-07-07	2.4286		4.4680		4.4140		
2013-07-05	1.2128		4.6860		
2013-07-04	0.5389		4.7659		4.3180		
2013-07-03	1.4747		5.1909		4.5090		
2013-07-02	1.4693		4.9585		4.4280		
2013-07-01	1.4445		4.6001		4.3350		
2013-06-30	2.8467		4.3601		4.2430		
2013-06-28	1.3659		4.0166		4.2430		
2013-06-27	1.3541		3.8693		3.9750		
2013-06-26	1.0290		3.8273		3.9010		
2013-06-25	0.7820		3.8983		3.9130		
2013-06-24	0.9842		4.0702		4.0090		
2013-06-23	2.1879		4.1256		4.0280		
2013-06-21	1.0834		4.1395		4.0280		
2013-06-20	1.2735		4.0813		3.8310		
2013-06-19	1.1651		3.9603		3.7410		
2013-06-18	1.1117		3.8317		3.6890		
2013-06-17	1.0905		3.7310		3.6110		
2013-06-16	2.2146		3.6413		3.5280		
2013-06-14	0.9718		3.4445		3.5280		
2013-06-13	1.0414		3.5805		3.3260		
2013-06-12	4.5926		3.5218		4.0490		
2013-06-07	1.2328		3.2952		4.0490		
2013-06-06	0.9288		4.0750		
2013-06-05	0.9646		5.0420		
2013-06-04	0.8124		5.0180		
2013-06-03	0.7726		5.0380		
2013-06-02	1.6084		5.0700		
2013-05-30	4.7699		5.0792		5.1340		
2013-05-29	0.8495		5.0116		4.1210		
2013-05-28	0.8504		5.0231		4.1150		
2013-05-27	0.6764		5.0421		4.1090		
2013-05-26	1.7312		5.1570		4.1570		
2013-05-24	0.8635		5.1779		4.1570		
2013-05-23	4.6402		5.1893		4.1550		
2013-05-22	0.8717		3.2306		3.8870		
2013-05-21	0.8868		3.2076		3.8950		
2013-05-20	0.8967		3.1764		3.8960		
2013-05-19	1.7713		3.1567		3.8920		
2013-05-17	0.8854		3.1334		3.8920		
2013-05-16	0.8838		3.1211		3.8990		
2013-05-15	0.8276		4.5437		3.9510		
2013-05-14	0.8270		4.5822		4.0280		
2013-05-13	0.8588		4.6146		4.1200		
2013-05-12	1.7267		4.6277		4.1200		
2013-05-10	0.8618		4.6609		4.1200		
2013-05-09	3.6120		4.6772		3.9310		
2013-05-08	0.9014		3.2410		3.1950		
2013-05-07	0.8892		3.2288		3.2090		
2013-05-06	0.8839		3.2229		3.2410		
2013-05-05	1.7905		3.2198		3.2740		
2013-05-03	0.8930		3.2017		3.2740		
2013-05-02	0.8576		3.1849		3.3830		
2013-05-01	4.3897		3.1495		3.4310		
2013-04-26	0.8607		3.4924		3.4310		
2013-04-25	0.7897		3.5809		3.5190		
2013-04-24	0.9552		3.6920		3.5610		
2013-04-23	1.0106		3.7093		3.5530		
2013-04-22	1.0114		3.6704		3.5310		
2013-04-21	2.0702		3.6300		3.5190		
2013-04-19	1.0304		3.5119		3.5190		
2013-04-18	1.0027		3.4578		3.4430		
2013-04-17	0.9884		3.4304		3.4120		
2013-04-16	0.9361		3.3959		3.3700		
2013-04-15	0.9338		3.3921		3.8960		
2013-04-14	1.8437		3.3839		3.9000		
2013-04-12	0.9267		3.3756		3.9000		
2013-04-11	0.9502		3.3689		3.9360		
2013-04-10	0.9221		3.3500		3.8960		
2013-04-09	0.9289		3.3446		3.8920		
2013-04-08	0.9181		4.3997		3.8850		
2013-04-07	3.6555		4.4156		3.7250		
2013-04-03	0.9118		4.4416		3.7250		
2013-04-02	2.9523		4.4391		4.3210		
2013-04-01	0.9487		3.3711		3.7480		
2013-03-31	1.9409		3.2438		3.7310		
2013-03-29	0.9701		3.1838		3.7310		
2013-03-28	0.7944		3.1546		3.6910		
2013-03-27	0.9069		3.2310		3.7190		
2013-03-26	0.9041		4.2020		3.7070		
2013-03-25	0.7045		4.0100		4.0070		
2013-03-24	1.8259		4.2186		4.0460		
2013-03-22	0.9142		4.2110		4.0460		
2013-03-21	0.9408		4.2281		4.0210		
2013-03-20	2.7692		4.2078		4.0150		
2013-03-19	0.7564		3.2112		3.5380		
2013-03-18	0.8840		3.8881		3.5800		
2013-03-17	1.8113		3.8729		3.5840		
2013-03-15	0.9470		3.8500		3.5840		
2013-03-14	0.9019		3.8138		3.6280		
2013-03-13	0.8579		3.8229		3.6370		
2013-03-12	2.0546		3.8652		3.6530		
2013-03-11	0.8548		3.2718		3.3490		
2013-03-10	1.7673		3.2948		3.8130		
2013-03-08	0.8777		3.3146		3.8130		
2013-03-07	0.9192		3.4426		3.8480		
2013-03-06	0.9391		3.4510		3.8010		
2013-03-05	0.9165		3.4406		3.6760		
2013-03-04	0.8989		3.4262		3.6520		
2013-03-03	1.8054		4.3312		3.6810		
2013-03-01	1.1232		4.3682		3.6810		
2013-02-28	0.9352		4.2527		3.7160		
2013-02-27	0.9193		4.1514		3.7500		
2013-02-26	0.8887		3.9119		3.7990		
2013-02-25	2.6347		3.8788		3.8790		
2013-02-24	1.8763		2.8822		2.8820		
2013-02-22	0.9017		2.6122		2.8820		
2013-02-21	0.7409		2.4962		2.4930		
2013-02-20	0.4599		2.4640		2.4830		
2013-02-19	0.8253		2.5784		2.5740		
2013-02-18	0.7235		2.5022		3.0180		
2013-02-17	6.1129		2.4791		3.2150		
2013-02-08	0.7005		3.7408		3.2150		
2013-02-07	0.7016		4.3905		3.7110		
2013-02-06	0.8102		4.4797		3.8130		
2013-02-05	2.5269		4.5089		4.1660		
2013-02-04	0.7367		3.6288		3.7820		
2013-02-03	1.6983		3.6027		3.8600		
2013-02-01	1.9465		3.6840		3.8600		
2013-01-31	0.8726		3.0322		3.7140		
2013-01-30	0.8662		3.1464		3.7550		
2013-01-29	0.8390		3.8231		3.7970		
2013-01-28	0.6867		3.9352		3.8420		
2013-01-27	1.8543		4.1179		3.9150		
2013-01-25	0.6963		4.2222		3.9150		
2013-01-24	1.0917		4.3950		4.0520		
2013-01-23	2.1639		4.3627		4.0310		
2013-01-22	1.0541		3.7714		3.7320		
2013-01-21	1.0370		3.7496		3.7250		
2013-01-20	2.0544		3.7114		3.7380		
2013-01-18	1.0276		3.7030		3.7380		
2013-01-17	1.0298		3.7090		3.7340		
2013-01-16	1.0299		3.6997		3.7320		
2013-01-15	1.0123		3.6934		3.7290		
2013-01-14	0.9638		3.6997		3.7690		
2013-01-13	2.0383		3.7637		3.6530		
2013-01-11	1.0390		3.8049		3.6530		
2013-01-10	1.0120		3.8164		3.4540		
2013-01-09	1.0179		3.7608		3.3250		
2013-01-08	1.0244		3.7022		3.1660		
2013-01-07	1.0864		3.6402		3.0780		
2013-01-06	2.1174		3.5415		2.8930		
2013-01-04	1.0610		3.4538		2.8930		
2013-01-03	2.7164		3.0921		2.8210		
2012-12-31	0.8971		2.5153		2.8210		
2012-12-30	1.9493		2.2442		2.7030		
2012-12-28	0.3672		2.1310		2.7030		
2012-12-27	0.5155		2.3908		2.7460		
2012-12-26	0.4071		2.5704		2.8160		
2012-12-25	0.6876		2.8243		2.9220		
2012-12-24	0.3772		2.9190		2.9670		
2012-12-23	1.7322		3.1612		3.0850		
2012-12-21	0.8654		3.1226		3.0850		
2012-12-20	0.8601		3.1017		3.0900		
2012-12-19	0.8940		3.0625		3.0780		
2012-12-18	0.8692		3.0202		3.0580		
2012-12-17	0.8416		3.0141		3.0310		
2012-12-16	1.6582		3.0093		3.0240		
2012-12-14	0.8253		3.0558		3.0240		
2012-12-13	0.7850		3.0788		2.8840		
2012-12-12	0.8129		3.0944		2.8980		
2012-12-11	0.8575		3.0967		2.9030		
2012-12-10	0.8323		3.0481		2.9070		
2012-12-09	1.7474		3.0391		2.8920		
2012-12-07	0.8695		2.9837		2.8920		
2012-12-06	0.8149		2.6893		2.9150		
2012-12-05	0.8173		2.7013		2.8370		
2012-12-04	0.7643		2.7093		2.8570		
2012-12-03	0.8151		2.7668		2.8810		
2012-12-02	1.6411		2.7457		2.9180		
2012-11-30	0.3049		2.8307		2.9180		
2012-11-29	0.8379		3.1408		3.1430		
2012-11-28	0.8326		2.9717		3.1510		
2012-11-27	0.8745		3.0042		3.1820		
2012-11-26	0.7748		2.9959		3.0990		
2012-11-25	1.8041		3.0899		3.1440		
2012-11-23	0.8996		3.1287		
2012-11-22	0.5136		3.1458		3.0510		
2012-11-21	0.8948		3.3298		
2012-11-20	0.8586		3.3609		
2012-11-19	0.9551		3.2024		
2012-11-18	1.8786		3.1983		
2012-11-16	0.9324		3.1635		
2012-11-15	0.8664		2.9562		
2012-11-14	0.9544		2.7784		
2012-11-13	0.5547		2.7538		
2012-11-12	0.9473		2.8887		
2012-11-11	1.8118		2.8346		
2012-11-09	0.5348		2.7720		
2012-11-08	0.5255		2.9347		
2012-11-07	0.9071		3.1275		
2012-11-06	0.8135		3.1288		
2012-11-05	0.8435		3.1913		
2012-11-04	1.6917		3.3761		
2012-11-02	0.8468		3.2997		
2012-11-01	0.8953		3.2598		
2012-10-31	0.9097		3.1593		
2012-10-30	0.9333		2.8804		
2012-10-29	1.1979		2.8795		
2012-10-28	1.5452		2.6201		
2012-10-26	0.7702		2.7138		
2012-10-25	0.7026		2.7643		
2012-10-24	0.3749		2.8734		
2012-10-23	0.9316		3.1544		
2012-10-22	0.7004		3.1355		
2012-10-21	1.7249		3.2614		
2012-10-19	0.8670		3.3601		
2012-10-18	0.9119		3.4020		
2012-10-17	0.9138		3.4243		
2012-10-16	0.8953		3.4347		
2012-10-15	0.9419		3.4906		
2012-10-14	1.9142		3.5236		
2012-10-12	0.9472		3.5033		
2012-10-11	0.9547		3.4983		
2012-10-10	0.9338		3.4893		
2012-10-09	1.0025		3.4913		
2012-10-08	1.0052		3.4575		
2012-10-07	8.4384		3.3410		
2012-09-28	0.9443		3.3128		
2012-09-27	1.0141		3.1746		
2012-09-26	1.0087		3.0069		
2012-09-25	0.4043		2.8079		
2012-09-24	1.0728		2.9427		
2012-09-23	1.9092		2.7041		
2012-09-21	0.6791		2.6947		
2012-09-20	0.6925		2.8322		
2012-09-19	0.6272		2.9389		
2012-09-18	0.6627		3.0518		
2012-09-17	0.6153		3.1981		
2012-09-16	1.8911		3.3313		
2012-09-14	0.9428		3.3059		
2012-09-13	0.8972		3.2928		
2012-09-12	0.8437		3.2996		
2012-09-11	0.9433		3.2646		
2012-09-10	0.8707		3.2427		
2012-09-09	1.8423		3.2628		
2012-09-07	0.9178		3.2410		
2012-09-06	0.9102		3.2322		
2012-09-05	0.7765		3.2289		
2012-09-04	0.9013		3.2731		
2012-09-03	0.9093		3.2618		
2012-09-02	1.8006		3.2201		
2012-08-31	0.9009		3.1678		
2012-08-30	0.9039		3.1416		
2012-08-29	0.8612		3.1124		
2012-08-28	0.8796		3.1170		
2012-08-27	0.8294		3.0957		
2012-08-26	1.7002		3.1067		
2012-08-24	0.8507		3.1084		
2012-08-23	0.8479		3.1084		
2012-08-22	0.8700		3.1033		
2012-08-21	0.8388		3.0828		
2012-08-20	0.8505		3.0767		
2012-08-19	1.7035		3.0349		
2012-08-17	0.8507		2.9836		
2012-08-16	0.8381		2.9534		
2012-08-15	0.8306		2.8975		
2012-08-14	0.8271		2.8653		
2012-08-13	0.7704		2.5446		
2012-08-12	1.6051		2.5934		
2012-08-10	0.7928		2.6725		
2012-08-09	0.7308		2.7176		
2012-08-08	0.7688		2.7637		
2012-08-07	0.2121		2.8115		
2012-08-06	0.8640		3.1420		
2012-08-05	1.7568		3.1347		
2012-08-03	0.8793		3.0924		
2012-08-02	0.8193		3.0758		
2012-08-01	0.8604		3.1119		
2012-07-31	0.8459		3.2734		
2012-07-30	0.8500		3.1108		
2012-07-29	1.6758		3.0762		
2012-07-27	0.8474		3.0550		
2012-07-26	0.8885		3.0397		
2012-07-25	1.1701		3.0031		
2012-07-24	0.5341		
2012-07-23	0.7837		
2012-07-22	1.6351		
2012-07-20	0.8181		
2012-07-19	0.8183		
