2014-06-03	0.9179		3.3493		3.8000		
2014-06-02	2.7533		5.6574		3.8080		
2014-05-30	0.9178		5.5110		3.8080		
2014-05-29	1.0054		5.4840		3.8840		
2014-05-28	0.8289		5.3866		3.8790		
2014-05-27	5.3444		5.3960		3.8520		
2014-05-26	0.7162		3.0370		3.2810		
2014-05-25	1.7569		3.0885		3.3120		
2014-05-23	0.8658		3.0907		3.3120		
2014-05-22	0.8183		3.0980		3.3470		
2014-05-21	0.8465		3.1360		3.3620		
2014-05-20	0.8203		3.1560		3.3750		
2014-05-19	0.8153		3.1940		3.3940		
2014-05-18	1.7612		3.2277		3.4100		
2014-05-16	0.8799		3.2528		3.4100		
2014-05-15	0.8908		3.2584		3.4290		
2014-05-14	0.8851		3.2587		3.4320		
2014-05-13	0.8931		3.2990		3.4330		
2014-05-12	0.8801		3.3436		3.4400		
2014-05-11	1.8093		3.3924		
2014-05-09	0.8905		3.4642		3.4510		
2014-05-08	0.8914		3.5075		3.4830		
2014-05-07	0.9624		3.5504		3.4930		
2014-05-06	0.9786		3.5560		3.4940		
2014-05-05	0.9737		3.5480		3.4910		
2014-05-04	3.8942		3.5375		3.9810		
2014-04-30	0.9731		3.5018		3.9810		
2014-04-29	0.9640		3.4890		4.0550		
2014-04-28	0.9530		3.4900		4.0800		
2014-04-27	1.9442		3.4829		4.0960		
2014-04-25	0.9466		3.4389		4.0960		
2014-04-24	0.9348		3.4281		4.1420		
2014-04-23	0.9482		3.4158		4.1590		
2014-04-22	0.9660		3.3897		4.1740		
2014-04-21	0.9397		3.3800		4.1860		
2014-04-20	1.8599		3.3903		4.2010		
2014-04-18	0.9259		3.4433		4.2010		
2014-04-17	0.9112		3.4758		4.2450		
2014-04-16	0.8981		3.5035		4.2620		
2014-04-15	0.9474		3.5410		4.2790		
2014-04-14	0.9595		4.8820		4.2870		
2014-04-13	1.9615		4.9155		4.3040		
2014-04-11	0.9883		4.9602		4.3040		
2014-04-10	0.9643		4.9867		4.4040		
2014-04-09	0.9699		5.7458		4.4430		
2014-04-08	3.5192		5.8020		4.4900		
2014-04-07	3.0711		4.5696		4.2450		
2014-04-04	1.0390		4.6465		4.2450		
2014-04-03	2.4201		4.6772		4.4980		
2014-04-02	1.0778		3.9718		5.0990		
2014-04-01	1.1557		3.9650		5.1480		
2014-03-31	1.0713		3.9127		5.1800		
2014-03-30	2.1471		3.9050		5.3310		
2014-03-28	1.0979		3.8696		5.3310		
2014-03-27	1.0674		3.8396		5.4800		
2014-03-26	1.0651		3.8273		5.5280		
2014-03-25	1.0550		3.8088		5.5960		
2014-03-24	1.0566		3.7832		5.6650		
2014-03-23	2.0791		3.8001		5.7330		
2014-03-21	1.0405		4.0083		5.7330		
2014-03-20	1.0437		4.1130		5.9450		
2014-03-19	1.0296		4.2253		6.0120		
2014-03-18	1.0059		4.3826		6.0810		
2014-03-17	1.0891		4.5343		6.1530		
2014-03-16	2.4783		4.7550		6.2120		
2014-03-14	1.2413		5.1609		6.2120		
2014-03-13	1.2591		5.3623		6.3290		
2014-03-12	1.3313		8.3712		6.3650		
2014-03-11	1.2969		8.4371		6.3960		
2014-03-10	1.5123		8.4912		6.4300		
2014-03-09	3.2567		8.8641		6.4330		
2014-03-07	1.6276		8.6974		
2014-03-06	7.0296		8.6033		6.4920		
2014-03-05	1.4577		5.6888		5.6930		
2014-03-04	1.4005		5.7559		5.7090		
2014-03-03	2.2276		5.8521		5.7370		
2014-03-02	2.9369		5.5136		5.6230		
2014-02-28	1.4471		5.6352		5.6230		
2014-02-27	1.4403		5.6997		5.6490		
2014-02-26	1.5864		5.7614		5.6710		
2014-02-25	1.5849		5.7472		5.6690		
2014-02-24	1.5784		5.7326		5.6690		
2014-02-23	3.1702		5.7164		5.6650		
2014-02-21	1.5707		5.6589		5.6650		
2014-02-20	1.5587		5.6524		5.6570		
2014-02-19	1.5592		5.6398		5.6550		
2014-02-18	1.5569		5.6416		5.6570		
2014-02-17	1.5473		5.6427		5.6620		
2014-02-16	3.0599		5.6377		5.6630		
2014-02-14	1.5583		5.6188		5.6630		
2014-02-13	1.5344		5.5948		5.6710		
2014-02-12	1.5628		5.6012		5.6720		
2014-02-11	1.5590		5.5928		5.6730		
2014-02-10	1.5376		5.5863		5.6730		
2014-02-09	3.0237		5.5911		5.6570		
2014-02-07	1.5122		5.6274		5.6570		
2014-02-06	10.826		5.6453		5.3070		
2014-01-30	1.6133		5.7361		5.3070		
2014-01-29	1.5763		5.6986		5.1980		
2014-01-28	1.5817		5.6985		5.2030		
2014-01-27	1.5522		5.7051		5.2110		
2014-01-26	3.1039		5.7076		5.1950		
2014-01-24	1.5733		5.7111		5.1950		
2014-01-23	1.5414		5.7067		5.1980		
2014-01-22	1.5761		5.7090		5.1990		
2014-01-21	1.5944		5.7069		5.1920		
2014-01-20	1.5570		5.6876		5.1830		
2014-01-19	3.1106		5.6130		5.1790		
2014-01-17	1.5648		5.4326		5.1790		
2014-01-16	1.5459		5.3225		5.1690		
2014-01-15	1.5721		5.2237		5.1680		
2014-01-14	1.5574		5.1219		5.1630		
2014-01-13	1.4138		5.0216		5.1490		
2014-01-12	2.7647		4.9301		5.0570		
2014-01-10	1.3537		4.3582		5.0570		
2014-01-09	1.3563		4.1248		5.0030		
2014-01-08	1.3769		4.2580		4.9830		
2014-01-07	1.3650		4.3831		4.9690		
2014-01-06	1.2383		4.4280		4.9560		
2014-01-05	1.6679		4.5293		4.9590		
2014-01-03	0.9061		5.2778		4.9590		
2014-01-02	1.6119		5.6389		5.1180		
2014-01-01	1.6168		5.6041		
2013-12-31	1.4511		5.5569		5.0560		
2013-12-30	1.4326		5.5962		4.9990		
2013-12-29	3.1034		5.6432		4.9750		
2013-12-27	1.5985		5.6048		4.9750		
2013-12-26	1.5452		5.5919		4.8490		
2013-12-25	1.5263		5.5870		4.7950		
2013-12-24	1.5264		5.5913		4.7780		
2013-12-23	1.5227		5.5502		4.7210		
2013-12-22	3.0299		5.1250		4.6620		
2013-12-20	1.5736		4.8397		4.6620		
2013-12-19	1.5359		4.6575		4.4870		
2013-12-18	1.5345		4.4816		4.4380		
2013-12-17	1.4477		4.3434		4.3920		
2013-12-16	0.7071		4.2483		4.3410		
2013-12-15	2.4828		4.5385		4.3970		
2013-12-13	1.2241		4.5578		4.3970		
2013-12-12	1.1986		4.5852		4.3530		
2013-12-11	1.2695		4.6160		4.3120		
2013-12-10	1.2653		4.6127		4.2960		
2013-12-09	1.2636		4.6031		4.2760		
2013-12-08	2.5199		4.5937		4.2550		
2013-12-06	1.2766		4.5648		4.2550		
2013-12-05	1.2577		4.5619		4.2020		
2013-12-04	1.2631		4.4954		4.1870		
2013-12-03	1.2469		4.5644		4.1730		
2013-12-02	1.2457		4.4823		4.1480		
2013-12-01	2.4644		4.3902		4.1350		
2013-11-29	1.2711		4.2469		4.1350		
2013-11-28	1.1302		4.1437		4.0950		
2013-11-27	1.3953		4.1603		4.0950		
2013-11-26	1.0895		4.0495		4.0630		
2013-11-25	1.0690		4.0285		4.0640		
2013-11-24	2.1897		4.0651		4.0610		
2013-11-22	1.0732		4.1036		4.0610		
2013-11-21	1.1620		4.1218		4.1160		
2013-11-20	1.1827		3.9750		4.1200		
2013-11-19	1.0492		3.9589		4.1250		
2013-11-18	1.1392		3.9904		4.1640		
2013-11-17	2.2636		3.9710		4.1850		
2013-11-15	1.1081		3.9350		4.1850		
2013-11-14	0.8805		3.9821		4.2670		
2013-11-13	1.1518		4.1190		4.3230		
2013-11-12	1.1097		4.1181		4.3360		
2013-11-11	1.1020		4.0906		4.3570		
2013-11-10	2.1944		4.1119		4.3770		
2013-11-08	1.1985		4.1491		4.3770		
2013-11-07	1.1431		4.1317		4.4350		
2013-11-06	1.1500		4.1268		4.4750		
2013-11-05	1.0569		4.1242		4.4790		
2013-11-04	1.1430		4.1476		4.5020		
2013-11-03	2.2657		4.0953		4.5150		
2013-11-01	1.1652		4.2019		4.5150		
2013-10-31	1.1337		4.2283		4.5590		
2013-10-30	1.1450		4.2606		4.5780		
2013-10-29	1.1017		4.2991		4.5970		
2013-10-28	1.0427		4.4256		4.6350		
2013-10-27	2.4702		4.5627		4.6990		
2013-10-25	1.2157		4.6657		4.6990		
2013-10-24	1.1957		4.7263		4.7250		
2013-10-23	1.2189		4.7837		4.7310		
2013-10-22	1.3443		4.8038		4.7400		
2013-10-21	1.3055		4.7630		4.7280		
2013-10-20	2.6679		4.7368		4.7270		
2013-10-18	1.3319		4.6396		4.7270		
2013-10-17	1.3058		4.6519		4.7090		
2013-10-16	1.2573		4.7276		4.6980		
2013-10-15	1.2662		4.6886		4.6680		
2013-10-14	1.2551		4.7163		4.6550		
2013-10-13	2.4815		4.7411		4.6580		
2013-10-11	1.3556		4.8058		4.6580		
2013-10-10	1.4510		4.7782		4.6550		
2013-10-09	1.1824		4.7009		4.6320		
2013-10-08	1.3194		4.7636		4.6470		
2013-10-07	9.1190		4.7549		4.6480		
2013-09-30	1.3015		4.6786		4.6480		
2013-09-29	2.5903		4.6411		4.6190		
2013-09-27	1.2996		4.5804		4.6190		
2013-09-26	1.2416		4.5477		4.6080		
2013-09-25	1.2838		4.5453		4.6120		
2013-09-24	1.2559		4.5158		4.6110		
2013-09-23	1.2296		4.4684		4.6130		
2013-09-22	4.9477		4.4975		4.6150		
2013-09-18	1.2272		4.5672		4.6150		
2013-09-17	1.1650		4.6054		4.6320		
2013-09-16	1.2855		4.6669		4.6550		
2013-09-15	2.5433		4.6932		4.6630		
2013-09-13	1.2705		4.7043		4.6630		
2013-09-12	1.2676		4.7096		4.6940		
2013-09-11	1.3003		4.7119		4.7000		
2013-09-10	1.2830		4.6432		4.7050		
2013-09-09	1.3359		4.6701		4.7110		
2013-09-08	2.5647		4.6426		4.7080		
2013-09-06	1.2806		4.6335		4.7080		
2013-09-05	1.2721		4.6255		4.7410		
2013-09-04	1.1684		4.6236		4.7470		
2013-09-03	1.3347		4.6811		4.7730		
2013-09-02	1.2831		4.6480		4.7710		
2013-09-01	2.5472		4.6313		4.7640		
2013-08-30	1.2653		4.6279		4.7640		
2013-08-29	1.2685		4.6277		4.8220		
2013-08-28	1.2787		4.6153		4.8360		
2013-08-27	1.2711		4.6004		4.8540		
2013-08-26	1.2511		4.6368		4.8680		
2013-08-25	2.5408		4.6854		4.8910		
2013-08-23	1.2648		4.7699		4.8910		
2013-08-22	1.2448		4.8134		4.9720		
2013-08-21	1.2501		4.8498		4.9980		
2013-08-20	1.3408		4.8936		5.0260		
2013-08-19	1.3444		4.8874		5.0640		
2013-08-18	2.7029		4.8738		5.1090		
2013-08-16	1.3482		4.8882		5.1090		
2013-08-15	1.3145		4.8959		5.2540		
2013-08-14	1.3341		4.9000		5.3090		
2013-08-13	1.3290		4.9151		5.3620		
2013-08-12	1.3183		4.9112		5.4160		
2013-08-11	2.7306		4.8653		5.4720		
2013-08-09	1.3629		4.9277		5.4720		
2013-08-08	1.3224		4.9527		5.6230		
2013-08-07	1.3631		4.9789		5.6780		
2013-08-06	1.3214		5.0054		5.7280		
2013-08-05	1.2304		5.0367		5.7810		
2013-08-04	2.8502		5.1412		5.8440		
2013-08-02	1.4108		5.1838		5.8440		
2013-08-01	1.3726		5.2255		5.9050		
2013-07-31	1.4140		5.2654		5.9290		
2013-07-30	1.3815		5.2903		5.9930		
2013-07-29	1.4308		5.4192		6.0490		
2013-07-28	2.9319		5.5562		6.1260		
2013-07-26	1.4907		5.8169		6.1260		
2013-07-25	1.4491		5.9422		6.2570		
2013-07-24	1.4617		6.0904		6.2920		
2013-07-23	1.6287		6.2353		6.2420		
2013-07-22	1.6936		6.2960		6.1360		
2013-07-21	3.4319		6.3245		6.0130		
2013-07-19	1.7310		6.3576		6.0130		
2013-07-18	1.7333		6.3713		5.6590		
2013-07-17	1.7397		6.3772		5.5420		
2013-07-16	1.7450		6.3794		5.4220		
2013-07-15	1.7483		6.3736		5.3040		
2013-07-14	3.4953		6.3536		5.1750		
2013-07-12	1.7573		6.1797		5.1750		
2013-07-11	1.7447		6.0815		4.8410		
2013-07-10	1.7438		5.9817		4.7850		
2013-07-09	1.7340		6.0670		4.7240		
2013-07-08	1.7099		6.1092		4.6600		
2013-07-07	3.1617		6.2678		4.5390		
2013-07-05	1.5690		6.5192		
2013-07-04	1.5533		6.6315		4.1330		
2013-07-03	1.9075		6.7171		4.0490		
2013-07-02	1.8149		6.2846		3.9180		
2013-07-01	2.0140		5.7651		3.7790		
2013-06-30	3.6439		5.1062		3.5980		
2013-06-28	1.7843		4.0070		3.5980		
2013-06-27	1.7175		3.5511		3.2200		
2013-06-26	1.0780		3.0911		3.1120		
2013-06-25	0.8186		2.9552		3.0850		
2013-06-24	0.7504		2.9699		3.0900		
2013-06-23	1.5359		2.9719		3.1020		
2013-06-21	0.9099		3.1082		3.1020		
2013-06-20	0.8353		3.1008		3.1150		
2013-06-19	0.8175		3.1249		3.1200		
2013-06-18	0.8467		3.1647		3.1270		
2013-06-17	0.7543		3.1893		3.1260		
2013-06-16	1.7973		3.2621		3.1380		
2013-06-14	0.8956		3.2572		3.1380		
2013-06-13	0.8815		3.2498		3.1370		
2013-06-12	4.4695		3.2634		3.1480		
2013-06-07	0.8815		3.0043		3.1480		
2013-06-06	0.9075		3.1300		
2013-06-05	0.9028		3.1170		
2013-06-04	0.7457		3.0600		
2013-06-03	0.6301		3.1240		
2013-06-02	1.6941		3.1520		
2013-05-30	0.8888		3.1285		3.1480		
2013-05-29	0.8674		3.1236		3.1450		
2013-05-28	0.8578		3.1225		3.1440		
2013-05-27	0.8433		3.1146		3.1450		
2013-05-26	1.7133		3.1164		3.4310		
2013-05-24	0.8292		3.1577		3.4310		
2013-05-23	0.8794		3.1920		3.4710		
2013-05-22	0.8654		3.1985		3.4830		
2013-05-21	0.8426		3.2111		3.4980		
2013-05-20	0.8467		3.2372		3.5140		
2013-05-19	1.7925		3.2542		3.5320		
2013-05-17	0.8950		3.2402		3.5320		
2013-05-16	0.8920		3.2217		3.5620		
2013-05-15	0.8894		3.1764		3.5710		
2013-05-14	0.8928		2.9549		3.5810		
2013-05-13	0.8792		3.1355		3.5880		
2013-05-12	1.7657		3.1157		3.5930		
2013-05-10	0.8595		3.0861		3.5930		
2013-05-09	0.8052		3.0515		3.6160		
2013-05-08	0.4646		4.0942		3.6300		
2013-05-07	1.2391		4.3445		3.6800		
2013-05-06	0.8412		4.1910		3.8410		
2013-05-05	1.7090		4.2450		3.8700		
2013-05-03	0.7930		4.3390		3.8700		
2013-05-02	2.8049		4.4176		3.9730		
2013-05-01	4.7235		3.4620		3.4470		
2013-04-26	0.9437		3.5433		3.4470		
2013-04-25	0.9722		3.5586		3.4390		
2013-04-24	0.9837		3.5509		3.4070		
2013-04-23	0.9634		3.5411		3.3870		
2013-04-22	0.9835		3.5354		3.3530		
2013-04-21	1.9488		3.5000		3.3070		
2013-04-19	0.9732		3.4597		3.3070		
2013-04-18	0.9574		3.4363		3.2120		
2013-04-17	0.9648		3.4149		3.1950		
2013-04-16	0.9526		3.3527		3.1830		
2013-04-15	0.9156		4.1469		3.1630		
2013-04-14	1.8714		4.0813		3.1280		
2013-04-12	0.9284		3.7934		3.1280		
2013-04-11	0.9164		3.6532		3.0240		
2013-04-10	0.8455		3.5193		
2013-04-09	2.4757		3.4326		
2013-04-08	0.7898		2.6080		
2013-04-07	2.6384		2.6927		
2013-04-03	0.6792		3.1412		
2013-04-02	0.8943		3.2218		
2013-04-01	0.9521		3.1230		
2013-03-31	1.8506		2.9530		
2013-03-29	0.9225		2.7088		
2013-03-28	0.7255		2.6511		
2013-03-27	0.8337		2.7050		
2013-03-26	0.7049		2.7252		
2013-03-25	0.6261		2.7754		
2013-03-24	1.3822		2.7856		
2013-03-22	0.8119		2.7016		
2013-03-21	0.8288		2.6863		
2013-03-20	0.8726		
2013-03-19	0.8011		
2013-03-18	0.6457		
2013-03-17	1.2210		
2013-03-15	0.7827		
2013-03-14	0.0000		0.0000		0.0000		
2013-03-11	0.0000		2.9610		
2013-03-07	1.0655		3.8045		3.2750		
2013-03-06	1.0620		3.7949		3.2770		
2013-03-05	1.0326		3.7699		3.2780		
2013-03-04	1.0421		3.7800		3.2830		
2013-03-03	2.0354		3.7307		3.2820		
2013-03-01	1.0587		3.6363		3.2820		
2013-02-28	1.0470		3.5908		3.2930		
2013-02-27	1.0141		3.5447		3.2920		
2013-02-26	1.0521		3.5112		3.3000		
2013-02-25	0.9474		3.4561		3.2990		
2013-02-24	1.8544		3.3489		3.3150		
2013-02-22	0.9715		3.1496		3.3150		
2013-02-21	0.9585		3.0269		3.3770		
2013-02-20	0.9499		2.9109		3.3930		
2013-02-19	0.9464		2.7994		3.4130		
2013-02-18	0.7419		2.6898		3.4350		
2013-02-17	6.6248		2.6867		3.8060		
2013-02-08	0.7165		3.7014		3.8060		
2013-02-07	1.0799		3.8778		4.2280		
2013-02-06	1.0703		3.8556		4.2490		
2013-02-05	1.0718		3.8604		4.2710		
2013-02-04	1.0371		3.8457		4.2910		
2013-02-03	2.1230		3.8619		4.3150		
2013-02-01	1.0547		3.9009		4.3150		
2013-01-31	1.0374		3.9270		4.3690		
2013-01-30	1.0795		3.9494		4.3930		
2013-01-29	1.0436		3.9606		4.4130		
2013-01-28	1.0681		3.9978		4.4440		
2013-01-27	2.1978		4.0196		4.4460		
2013-01-25	1.1049		4.0294		4.4460		
2013-01-24	1.0803		4.0317		4.4820		
2013-01-23	1.1009		4.0533		4.4940		
2013-01-22	1.1151		5.0800		4.4910		
2013-01-21	1.1099		5.0927		4.4720		
2013-01-20	2.2165		5.0993		4.4530		
2013-01-18	1.1093		5.1164		4.4530		
2013-01-17	1.1218		5.0748		4.4000		
2013-01-16	3.0698		5.1357		4.3800		
2013-01-15	1.1395		4.1826		4.1040		
2013-01-14	1.1225		4.2259		4.0820		
2013-01-13	2.2494		4.2784		4.0520		
2013-01-11	1.0295		4.3792		4.0520		
2013-01-10	1.2386		4.4841		3.9590		
2013-01-09	1.2420		4.4800		3.8940		
2013-01-08	1.2225		4.4742		3.8670		
2013-01-07	1.2231		4.4785		3.8430		
2013-01-06	2.4428		4.3865		3.8180		
2013-01-04	1.2307		4.3611		3.8180		
2013-01-03	3.6923		4.3371		3.7440		
2012-12-31	1.0466		4.0905		3.7440		
2012-12-30	2.3942		4.0465		3.6610		
2012-12-28	1.1847		3.7999		3.6610		
2012-12-27	1.1712		3.7020		3.5930		
2012-12-26	1.0766		3.5967		3.5730		
2012-12-25	0.9714		3.5353		3.5650		
2012-12-24	0.9623		3.5316		3.5690		
2012-12-23	1.9213		3.4946		3.5600		
2012-12-21	0.9969		3.4269		3.5600		
2012-12-20	0.9692		3.3145		3.5440		
2012-12-19	0.9590		3.1951		3.5420		
2012-12-18	0.9642		3.2317		3.5410		
2012-12-17	0.8913		3.2705		3.5350		
2012-12-16	1.7916		3.3454		3.5400		
2012-12-14	0.7813		3.4950		3.5400		
2012-12-13	0.7401		3.6290		3.5400		
2012-12-12	1.0292		3.7801		3.4810		
2012-12-11	1.0386		3.7748		3.4800		
2012-12-10	1.0351		3.7643		3.4770		
2012-12-09	2.0784		3.7564		3.4750		
2012-12-07	1.0384		3.7351		3.4750		
2012-12-06	1.0298		3.7266		3.4690		
2012-12-05	1.0190		3.7203		3.4680		
2012-12-04	1.0186		3.7197		3.4690		
2012-12-03	1.0199		3.7093		3.4710		
2012-12-02	2.0375		3.6431		3.4720		
2012-11-30	1.0221		3.5277		3.4720		
2012-11-29	1.0178		3.5046		3.4760		
2012-11-28	1.0178		3.4711		3.4770		
2012-11-27	0.9986		3.4363		3.4790		
2012-11-26	0.8930		3.3949		3.4830		
2012-11-25	1.8162		3.4164		3.5010		
2012-11-23	0.9777		3.4356		
2012-11-22	0.9536		3.2997		3.5400		
2012-11-21	0.9510		2.9514		
2012-11-20	0.9193		2.9875		
2012-11-19	0.9342		3.0395		
2012-11-18	1.8531		3.0850		
2012-11-16	0.7169		3.1843		
2012-11-15	0.2858		3.3443		
2012-11-14	1.0201		3.7309		
2012-11-13	1.0191		3.7345		
2012-11-12	1.0214		3.7396		
2012-11-11	2.0435		3.7436		
2012-11-09	1.0239		3.7514		
2012-11-08	1.0271		3.7542		
2012-11-07	1.0270		3.7557		
2012-11-06	1.0290		3.7582		
2012-11-05	1.0291		3.7587		
2012-11-04	2.0584		3.7590		
2012-11-02	1.0292		3.7593		
2012-11-01	1.0301		3.7620		
2012-10-31	1.0317		3.7620		
2012-10-30	1.0299		3.6875		
2012-10-29	1.0297		3.6311		
2012-10-28	2.0591		3.4934		
2012-10-26	1.0348		
2012-10-25	1.0296		
2012-10-24	0.8888		
2012-10-23	0.9218		
2012-10-22	0.7655		
2012-10-19	0.9982		
