2014-06-03	1.3712		5.4710		6.0830		
2014-06-02	4.1167		5.5010		
2014-05-30	1.3698		5.5220		
2014-05-29	1.3561		5.7960		
2014-05-28	2.0029		5.8100		6.1410		
2014-05-27	1.4261		5.4650		6.1130		
2014-05-26	1.3940		5.4220		6.1210		
2014-05-25	2.7605		5.4240		
2014-05-23	1.8676		5.3680		
2014-05-22	1.3815		5.0750		
2014-05-21	1.3762		5.2010		6.2270		
2014-05-20	1.3467		5.2230		6.2400		
2014-05-19	1.3976		5.2920		6.2550		
2014-05-18	2.6598		7.3140		
2014-05-16	1.3334		7.4510		
2014-05-15	1.6115		7.5190		
2014-05-14	1.4158		7.4290		6.3260		
2014-05-13	1.4716		7.4680		6.3370		
2014-05-12	5.0467		7.4670		6.3450		
2014-05-11	2.9051		5.4730		4.7920		
2014-05-09	1.4552		5.4200		
2014-05-08	1.4515		5.3920		
2014-05-07	1.4846		5.3660		6.1740		
2014-05-06	1.4699		5.3200		6.1820		
2014-05-05	1.4530		5.9810		6.1920		
2014-05-04	5.6180		6.0010		
2014-04-30	1.4011		6.1170		
2014-04-29	2.6691		6.1920		
2014-04-28	1.4895		5.5920		6.2250		
2014-04-27	2.9111		7.0170		
2014-04-25	1.4572		7.2020		6.2600		
2014-04-24	1.4599		8.3020		6.2720		
2014-04-23	1.5360		8.3580		
2014-04-22	1.5818		8.3570		
2014-04-21	4.0623		8.3250		6.2950		
2014-04-20	3.2409		6.8840		
2014-04-18	3.4165		6.7340		6.1340		
2014-04-17	1.5584		5.6660		
2014-04-16	1.5354		5.6320		
2014-04-15	1.5250		5.6070		
2014-04-14	1.4920		5.6000		6.2320		
2014-04-13	2.9726		5.6060		
2014-04-11	1.4867		5.6230		6.3750		
2014-04-10	1.4973		5.6310		6.3670		
2014-04-09	1.4905		5.6190		
2014-04-08	1.5120		5.6220		6.3530		
2014-04-07	4.5053		5.6180		
2014-04-04	1.5011		5.6730		
2014-04-03	1.4764		5.6920		
2014-04-02	1.4954		5.7310		
2014-04-01	1.5052		5.7690		
2014-03-31	1.5344		5.8210		6.2440		
2014-03-30	3.0707		6.4220		
2014-03-28	1.5351		6.5240		6.2490		
2014-03-27	1.5478		6.5750		6.2510		
2014-03-26	1.5646		6.5940		
2014-03-25	1.5994		6.6010		
2014-03-24	2.6200		6.6200		6.2990		
2014-03-23	3.2549		6.0790		
2014-03-21	1.6264		6.0740		
2014-03-20	1.5827		6.0710		6.2450		
2014-03-19	1.5772		6.0780		
2014-03-18	1.6337		6.0900		
2014-03-17	1.6430		6.0820		6.2520		
2014-03-16	3.2473		6.0660		
2014-03-14	1.6210		6.0700		6.3430		
2014-03-13	1.5943		6.0740		
2014-03-12	1.5986		6.0890		
2014-03-11	1.6196		6.1060		
2014-03-10	1.6143		6.1100		
2014-03-09	3.2551		6.1140		
2014-03-07	1.6275		6.1250		
2014-03-06	1.6210		6.2390		
2014-03-05	1.6293		6.2540		
2014-03-04	1.6275		6.2610		
2014-03-03	1.6224		6.2700		6.5650		
2014-03-02	3.2747		6.2850		
2014-02-28	1.8325		6.2890		
2014-02-27	1.6489		6.1840		6.4280		
2014-02-26	1.6422		6.1340		6.3960		
2014-02-25	1.6431		6.0900		6.3680		
2014-02-24	1.6486		6.1150		6.3370		
2014-02-23	3.2836		6.2620		
2014-02-21	1.6421		6.3000		
2014-02-20	1.5590		7.7810		6.2070		
2014-02-19	1.5614		7.8520		6.1790		
2014-02-18	1.6893		8.5150		6.1470		
2014-02-17	1.9143		8.8330		6.1280		
2014-02-16	3.3525		8.5230		
2014-02-14	4.2966		8.3100		
2014-02-13	1.6836		6.7340		5.8910		
2014-02-12	2.7374		6.5120		5.8700		
2014-02-11	2.2514		5.7070		5.7850		
2014-02-10	1.3664		5.1740		5.7260		
2014-02-09	2.9762		5.1280		
2014-02-07	1.4853		4.9030		5.6510		
2014-02-06	8.9788		4.7930		
2014-01-30	1.2902		6.0910		
2014-01-29	1.5250		6.2200		5.5240		
2014-01-28	1.5076		6.5240		5.5070		
2014-01-27	1.5591		6.5380		5.4920		
2014-01-26	3.1208		6.5280		
2014-01-24	2.3370		6.5650		
2014-01-23	1.5241		6.2220		
2014-01-22	2.0726		6.4020		5.3650		
2014-01-21	1.5326		6.8770		5.3130		
2014-01-20	1.5414		6.8670		5.2980		
2014-01-19	3.1881		6.8880		
2014-01-17	1.7175		6.8640		
2014-01-16	1.8494		6.7500		
2014-01-15	2.9271		6.5800		5.1820		
2014-01-14	1.5157		6.7470		5.0800		
2014-01-13	1.5784		6.7570		5.0720		
2014-01-12	3.1447		6.7800		
2014-01-10	1.5122		6.8350		
2014-01-09	1.5438		8.1320		
2014-01-08	3.2283		8.1040		5.0100		
2014-01-07	1.5335		7.0080		4.8940		
2014-01-06	1.6196		6.8660		4.8880		
2014-01-05	3.2440		6.7160		
2014-01-03	3.8269		6.5630		
2014-01-02	1.4942		5.2100		4.6870		
2014-01-01	1.2729		5.0050		
2013-12-31	1.2797		4.9610		
2013-12-30	1.3491		4.8910		4.6710		
2013-12-29	2.9686		4.7810		
2013-12-27	1.3757		4.4270		
2013-12-26	1.1213		4.2120		
2013-12-25	1.1913		4.2090		4.6560		
2013-12-24	1.1521		4.1210		
2013-12-23	1.1481		4.2460		
2013-12-22	2.3198		4.4050		
2013-12-20	0.9795		4.7110		
2013-12-19	1.1170		4.9300		
2013-12-18	1.0284		5.0520		4.7190		
2013-12-17	1.3828		5.2330		4.6860		
2013-12-16	1.4408		5.1810		4.6830		
2013-12-15	2.8803		5.1380		
2013-12-13	1.3812		5.1100		
2013-12-12	1.3385		4.5890		
2013-12-11	1.3591		4.0550		4.6600		
2013-12-10	1.2888		3.9090		4.6580		
2013-12-09	1.3614		3.5570		4.6550		
2013-12-08	2.8286		3.2530		
2013-12-06	0.4291		3.1570		
2013-12-05	0.3558		3.5570		
2013-12-04	1.0914		4.0390		
2013-12-03	0.6378		4.1350		
2013-12-02	0.7969		4.4780		4.7920		
2013-12-01	2.6504		4.7450		
2013-11-29	1.1706		4.7780		
2013-11-28	1.2474		4.8100		
2013-11-27	1.2673		4.8050		4.8450		
2013-11-26	1.2693		4.8140		4.8500		
2013-11-25	1.2871		4.8230		4.8550		
2013-11-24	2.7102		4.8140		
2013-11-22	1.2292		4.7560		
2013-11-21	1.2389		4.7760		
2013-11-20	1.2836		4.8030		
2013-11-19	1.2842		4.8550		
2013-11-18	1.2721		4.9020		4.8840		
2013-11-17	2.6037		4.9460		
2013-11-15	1.2647		4.9990		
2013-11-14	1.2883		5.0460		
2013-11-13	1.3792		5.0840		4.9060		
2013-11-12	1.3701		5.1090		4.9040		
2013-11-11	1.3535		5.0920		4.9020		
2013-11-10	2.7007		5.0900		
2013-11-08	1.3495		5.0960		
2013-11-07	1.3575		5.0670		
2013-11-06	1.4261		5.0220		4.8980		
2013-11-05	1.3382		4.9230		4.8920		
2013-11-04	1.3497		4.9020		4.8920		
2013-11-03	2.7113		4.8880		
2013-11-01	1.2973		4.8550		
2013-10-31	1.2759		4.8600		
2013-10-30	1.2442		4.8670		4.8940		
2013-10-29	1.2994		4.8460		4.9000		
2013-10-28	1.3247		4.9210		4.9020		
2013-10-27	2.6508		4.9200		
2013-10-25	1.3074		4.9340		
2013-10-24	1.2879		4.7670		
2013-10-23	1.2059		4.3300		4.9150		
2013-10-22	1.4369		4.3990		4.9240		
2013-10-21	1.3233		4.4880		4.9180		
2013-10-20	2.6760		4.4930		
2013-10-18	1.0007		4.3920		
2013-10-17	0.4874		4.5250		
2013-10-16	1.3319		4.9810		4.9950		
2013-10-15	1.6013		4.9310		
2013-10-14	1.3318		4.7540		4.9810		
2013-10-13	2.4914		4.7250		
2013-10-11	1.2438		4.7620		
2013-10-10	1.3219		4.7820		
2013-10-09	1.2418		4.7590		5.0060		
2013-10-08	1.2766		4.7790		4.9970		
2013-10-07	8.9576		4.7810		
2013-09-30	1.2692		5.0510		4.9860		
2013-09-29	2.7694		5.0990		
2013-09-27	1.3824		5.1140		
2013-09-26	1.3567		5.0900		5.2080		
2013-09-25	1.3392		5.0790		5.2760		
2013-09-24	1.3332		5.0790		5.3060		
2013-09-23	1.3572		5.1210		5.3100		
2013-09-22	5.4732		5.1160		
2013-09-18	1.3386		5.0620		5.6700		
2013-09-17	1.4102		5.0620		5.7130		
2013-09-16	1.3471		5.0240		5.8070		
2013-09-15	2.6886		5.0200		
2013-09-13	1.3443		5.0170		
2013-09-12	1.3419		5.0150		5.9480		
2013-09-11	1.3388		5.0090		5.9970		
2013-09-10	1.3403		5.0040		6.0470		
2013-09-09	1.3394		4.9980		6.0960		
2013-09-08	2.6835		4.9930		
2013-09-06	1.3404		4.9880		
2013-09-05	1.3322		4.9830		6.2280		
2013-09-04	1.3288		4.9880		6.1680		
2013-09-03	1.3291		4.9930		6.1190		
2013-09-02	1.3309		5.0030		6.0510		
2013-09-01	2.6742		5.0120		
2013-08-30	1.3316		5.0430		
2013-08-29	1.3404		5.0550		
2013-08-28	1.3387		5.0590		6.0120		
2013-08-27	1.3479		5.0580		5.9420		
2013-08-26	1.3476		5.0500		5.8910		
2013-08-25	2.7306		5.0510		
2013-08-23	1.3529		5.0400		
2013-08-22	1.3484		5.0400		
2013-08-21	1.3355		5.0420		5.6960		
2013-08-20	1.3336		5.0480		5.6230		
2013-08-19	1.3505		5.0590		5.5660		
2013-08-18	2.7092		5.0630		
2013-08-16	1.3543		5.0710		
2013-08-15	1.3504		5.0730		
2013-08-14	1.3466		4.9320		5.3040		
2013-08-13	1.3541		4.9190		5.2530		
2013-08-12	1.3576		4.8910		
2013-08-11	2.7240		4.8360		
2013-08-09	1.3578		4.7150		
2013-08-08	1.0927		4.6570		
2013-08-07	1.3234		4.7410		5.0240		
2013-08-06	1.3036		4.7110		4.9830		
2013-08-05	1.2559		4.6770		4.9460		
2013-08-04	2.5022		4.8570		
2013-08-02	1.2519		6.2260		
2013-08-01	1.2478		6.9160		
2013-07-31	1.2682		7.6010		4.7970		
2013-07-30	1.2404		7.9190		4.7670		
2013-07-29	1.5856		8.0090		4.7360		
2013-07-28	4.9899		8.6630		
2013-07-26	2.4953		9.1740		
2013-07-25	2.4712		8.9240		
2013-07-24	1.8359		8.6690		4.3160		
2013-07-23	1.4002		8.7920		4.2580		
2013-07-22	2.7430		9.6720		4.2270		
2013-07-21	5.8895		8.7700		
2013-07-19	2.0561		7.8960		
2013-07-18	2.0207		7.9590		
2013-07-17	2.0531		8.0240		3.7440		
2013-07-16	2.9461		8.0890		3.7040		
2013-07-15	1.1584		7.6320		3.6050		
2013-07-14	4.3415		8.2480		
2013-07-12	2.1690		8.2170		
2013-07-11	2.1358		7.5400		
2013-07-10	2.1681		6.5450		3.3340		
2013-07-09	2.1346		5.6460		3.2630		
2013-07-08	2.2518		4.5970		3.1950		
2013-07-07	4.2874		3.5350		
2013-07-05	0.9645		3.2540		
2013-07-04	0.3524		2.9410		
2013-07-03	0.5445		2.8640		3.0120		
2013-07-02	0.2194		2.8580		3.0380		
2013-07-01	0.2940		2.9280		
2013-06-30	3.7663		2.9040		
2013-06-28	0.3827		2.4460		
2013-06-27	0.2087		2.3130		
2013-06-26	0.5336		2.2870		3.0800		
2013-06-25	0.3508		2.2330		3.1020		
2013-06-24	0.2484		2.3790		3.1350		
2013-06-23	2.9105		2.5180		
2013-06-21	0.1333		1.4570		
2013-06-20	0.1602		1.6460		
2013-06-19	0.4323		1.8400		3.2230		
2013-06-18	0.6250		1.9840		3.2570		
2013-06-17	0.5077		2.0240		3.2800		
2013-06-16	0.9156		2.1280		
2013-06-14	0.4909		2.3880		
2013-06-13	0.5261		2.4850		
2013-06-12	3.5092		2.5530		3.4950		
2013-06-07	0.6731		2.7350		
2013-06-06	0.6521		2.7490		
2013-06-05	0.7045		2.8250		
2013-06-04	1.0853		2.8350		
2013-06-03	0.6836		2.8560		3.6440		
2013-06-02	1.3765		2.9690		
2013-05-30	0.7937		3.3080		
2013-05-29	0.7229		3.3560		3.7000		
2013-05-28	1.1251		3.4560		
2013-05-27	0.8945		3.3490		3.6910		
2013-05-26	1.8055		3.4000		
2013-05-24	0.9003		3.4680		
2013-05-23	0.8823		3.5020		
2013-05-22	0.9090		3.7810		3.7430		
2013-05-21	0.9270		4.0030		3.7520		
2013-05-20	0.9893		4.2090		3.7610		
2013-05-19	1.9311		4.2230		
2013-05-17	0.9622		4.2820		
2013-05-16	1.3997		4.3000		
2013-05-15	1.3190		4.0890		3.7640		
2013-05-14	1.3059		3.9230		3.7490		
2013-05-13	1.0157		3.7540		3.7340		
2013-05-12	2.0397		3.7350		
2013-05-10	0.9940		3.6790		
2013-05-09	1.0118		3.6450		
2013-05-08	1.0131		3.6190		3.7520		
2013-05-07	0.9934		3.5740		3.7560		
2013-05-06	0.9809		3.5390		3.7600		
2013-05-05	1.9355		3.5110		
2013-05-03	0.9309		3.4700		
2013-05-02	0.9646		3.4680		3.7900		
2013-05-01	4.6468		3.4230		
2013-04-26	0.9271		3.5220		3.8320		
2013-04-25	0.8808		3.5480		3.8410		
2013-04-24	0.8990		3.6090		
2013-04-23	0.9578		3.6660		
2013-04-22	0.9808		3.9030		3.8710		
2013-04-21	1.9940		4.0370		
2013-04-19	0.9743		4.0540		3.8860		
2013-04-18	0.9947		4.2420		3.8920		
2013-04-17	4.0520		4.3540		
2013-04-16	1.3962		4.4350		
2013-04-15	1.2279		4.2260		
2013-04-14	2.0256		4.1020		
2013-04-12	1.3191		4.0220		
2013-04-11	1.2006		3.8160		
2013-04-10	1.1532		3.6740		
2013-04-09	1.0122		3.5590		
2013-04-08	0.9991		3.5570		3.8580		
2013-04-07	3.7563		3.5600		
2013-04-03	0.9390		3.2140		
2013-04-02	1.0085		3.2740		
2013-04-01	1.0046		3.3060		
2013-03-31	1.9351		3.3400		
2013-03-29	0.5220		3.4450		
2013-03-28	0.6584		3.7380		3.9650		
2013-03-27	1.0500		3.9580		
2013-03-26	1.0673		3.9670		
2013-03-25	1.0676		3.9670		
2013-03-24	2.1301		3.9660		
2013-03-22	1.0649		3.9690		
2013-03-21	1.0646		3.9700		
2013-03-20	1.0674		3.9710		
2013-03-19	1.0666		3.9680		
2013-03-18	1.0667		3.6680		
2013-03-17	2.1344		3.9700		
2013-03-15	1.0670		3.9720		
2013-03-14	1.0661		3.9820		
2013-03-13	1.0626		3.9840		
2013-03-12	1.0683		3.9880		
2013-03-11	1.0685		3.9900		
2013-03-10	2.1384		3.9910		
2013-03-08	1.0844		3.9950		
2013-03-07	1.0704		3.9880		
2013-03-06	1.0707		3.9890		
2013-03-05	1.0711		3.9910		
2013-03-04	1.0714		3.9910		
2013-03-03	2.1443		3.9900		
2013-03-01	1.0722		3.9880		
2013-02-28	1.0729		3.9870		
2013-02-27	1.0729		3.9860		
2013-02-26	1.0718		3.9850		
2013-02-25	1.0696		3.9850		
2013-02-24	2.1402		3.9860		
2013-02-22	1.0702		3.9880		
2013-02-21	1.0708		3.9900		
2013-02-20	1.0716		3.9900		
2013-02-19	1.0720		3.9910		
2013-02-18	1.0713		3.9910		
2013-02-17	9.6517		3.9920		
2013-02-08	1.0717		3.9960		
2013-02-07	1.0691		3.9990		
2013-02-06	1.0748		4.0030		
2013-02-05	1.0732		4.0040		
2013-02-04	1.0736		4.0060		
2013-02-03	2.1529		4.0600		
2013-02-01	1.0764		4.0820		
2013-01-31	1.0774		4.1040		
