2014-06-03	1.2932		5.2740		
2014-06-02	3.8429		5.2800		5.3020		
2014-05-30	1.2799		5.2780		
2014-05-29	1.8604		5.5210		5.3590		
2014-05-28	1.5814		5.2060		5.2270		
2014-05-27	1.3034		5.2630		5.1770		
2014-05-26	1.2815		5.2570		5.2420		
2014-05-25	2.5582		5.2810		5.2820		
2014-05-23	1.7215		5.3870		
2014-05-22	1.2871		5.1980		5.3040		
2014-05-21	1.6862		5.2480		5.5560		
2014-05-20	1.2920		5.0900		5.4900		
2014-05-19	1.3255		5.2260		5.5180		
2014-05-18	2.7508		5.2830		5.5440		
2014-05-16	1.3780		5.3680		
2014-05-15	1.3783		5.4100		
2014-05-14	1.3976		5.8640		
2014-05-13	1.5404		5.8900		5.5020		
2014-05-12	1.4294		5.8110		5.4410		
2014-05-11	2.9058		5.8060		
2014-05-09	1.4529		5.6930		
2014-05-08	2.2043		5.6360		5.4760		
2014-05-07	1.4447		5.1670		5.2560		
2014-05-06	1.3963		5.1150		5.2550		
2014-05-05	1.4198		5.0720		
2014-05-04	5.4021		5.0430		5.2730		
2014-04-30	1.3488		5.3440		
2014-04-29	1.3189		5.3960		
2014-04-28	1.3669		5.4810		5.7730		
2014-04-27	2.7396		5.8560		5.8130		
2014-04-25	1.8076		6.0610		
2014-04-24	1.4031		5.9210		5.7950		
2014-04-23	1.4433		6.0040		5.8230		
2014-04-22	1.4742		6.0590		5.8370		
2014-04-21	2.0474		6.0660		5.8510		
2014-04-20	3.1102		5.7690		
2014-04-18	1.5548		5.7020		
2014-04-17	1.5536		5.6700		
2014-04-16	1.5416		5.6410		5.6150		
2014-04-15	1.4881		5.6150		5.6530		
2014-04-14	1.5094		5.6370		5.6480		
2014-04-13	2.9880		5.6330		5.6330		
2014-04-11	1.4961		5.6410		
2014-04-10	1.5027		5.6440		5.6030		
2014-04-09	1.4935		5.5880		5.8160		
2014-04-08	1.5282		5.6920		
2014-04-07	4.5056		5.6590		6.0300		
2014-04-04	1.5000		5.5860		
2014-04-03	1.4022		5.5630		6.0800		
2014-04-02	1.6813		6.0440		6.0800		
2014-04-01	1.4694		6.3300		
2014-03-31	1.4551		6.3060		6.2520		
2014-03-30	2.9168		6.3910		6.2430		
2014-03-28	1.4591		6.3750		
2014-03-27	2.2744		6.3890		6.2000		
2014-03-26	2.1916		6.1150		5.9520		
2014-03-25	1.4313		5.6830		5.7510		
2014-03-24	1.6081		6.1980		5.7640		
2014-03-23	2.8882		6.0950		5.8400		
2014-03-21	1.4853		6.0550		
2014-03-20	1.7788		6.0120		5.8770		
2014-03-19	1.4097		5.7900		5.8050		
2014-03-18	2.3642		5.8190		5.8310		
2014-03-17	1.4223		5.3320		5.7040		
2014-03-16	2.8142		5.5860		5.7360		
2014-03-14	1.4077		5.6900		
2014-03-13	1.3771		5.7430		
2014-03-12	1.4624		5.8200		
2014-03-11	1.4788		5.8420		
2014-03-10	1.8844		6.0780		
2014-03-09	3.0038		5.8870		
2014-03-07	1.5042		5.9520		
2014-03-06	1.5164		6.0210		
2014-03-05	1.5029		6.4510		
2014-03-04	1.9044		6.5310		6.4650		
2014-03-03	1.5400		6.4110		6.3680		
2014-03-02	3.1204		6.5790		6.3780		
2014-02-28	1.6305		6.6840		
2014-02-27	2.2927		6.6990		6.4160		
2014-02-26	1.6454		6.4460		6.2680		
2014-02-25	1.6884		6.4000		6.3140		
2014-02-24	1.8432		6.3260		6.8120		
2014-02-23	3.3089		6.1770		7.0470		
2014-02-21	1.6574		6.0540		
2014-02-20	1.8387		6.1350		
2014-02-19	1.5616		6.0910		
2014-02-18	1.5550		6.2270		
2014-02-17	1.5739		7.3010		
2014-02-16	3.0873		7.9250		
2014-02-14	1.8028		7.8700		
2014-02-13	1.7590		7.7010		
2014-02-12	1.8088		7.4960		
2014-02-11	3.4843		7.2640		6.2190		
2014-02-10	2.6859		6.1020		5.6140		
2014-02-09	2.9902		5.3900		5.2350		
2014-02-07	1.5016		5.2780		
2014-02-06	9.7585		5.2190		5.2080		
2014-01-30	1.3925		5.1960		5.8840		
2014-01-29	1.3299		5.3410		6.2400		
2014-01-28	1.2932		5.5590		6.3560		
2014-01-27	1.3066		5.7560		6.5130		
2014-01-26	2.9359		5.9800		6.8830		
2014-01-24	1.4580		6.3350		
2014-01-23	1.6569		6.5750		6.8910		
2014-01-22	1.7262		7.1460		6.8970		
2014-01-21	1.6499		7.1590		6.8890		
2014-01-20	1.7132		7.2760		6.8730		
2014-01-19	3.5760		7.7930		6.9800		
2014-01-17	1.8917		7.4670		
2014-01-16	2.6823		7.2080		6.9980		
2014-01-15	1.7488		6.6480		
2014-01-14	1.8597		6.6210		6.7960		
2014-01-13	2.6340		6.4720		6.5260		
2014-01-12	2.9960		6.1730		6.1730		
2014-01-10	1.4282		6.2520		
2014-01-09	1.6779		6.7890		6.1630		
2014-01-08	1.6996		6.9150		6.0620		
2014-01-07	1.5921		6.7130		5.9530		
2014-01-06	2.0947		6.5790		5.8500		
2014-01-05	3.1390		6.1730		5.6390		
2014-01-03	2.3944		6.0820		
2014-01-02	1.9052		5.5410		5.0260		
2014-01-01	1.3371		5.2150		4.8570		
2013-12-31	1.3509		5.1970		
2013-12-30	1.3625		5.1260		4.8150		
2013-12-29	2.9745		5.1070		4.8150		
2013-12-27	1.4131		4.6960		
2013-12-26	1.3118		4.5140		4.7450		
2013-12-25	1.3049		4.5000		4.8050		
2013-12-24	1.2218		4.4890		4.8240		
2013-12-23	1.3264		4.5040		4.8260		
2013-12-22	2.2235		4.5240		4.8070		
2013-12-20	1.0801		4.8080		
2013-12-19	1.2854		4.9750		4.9600		
2013-12-18	1.2855		5.1110		4.8990		
2013-12-17	1.2481		5.1600		4.8570		
2013-12-16	1.3640		5.1480		4.8280		
2013-12-15	2.7443		5.0910		4.7320		
2013-12-13	1.3852		5.0760		
2013-12-12	1.5332		4.9440		4.6670		
2013-12-11	1.3743		4.6870		4.5070		
2013-12-10	1.2278		4.5550		4.3780		
2013-12-09	1.2591		4.5080		4.3450		
2013-12-08	2.7176		4.3750		4.2720		
2013-12-06	1.1434		4.4040		
2013-12-05	1.0625		4.3900		4.2690		
2013-12-04	1.1324		4.3280		4.2910		
2013-12-03	1.1424		4.2010		4.3140		
2013-12-02	1.0135		4.1820		4.3260		
2013-12-01	2.7709		4.1690		4.3990		
2013-11-29	1.1186		4.1100		
2013-11-28	0.9480		4.1490		4.4150		
2013-11-27	0.8989		4.2540		4.5220		
2013-11-26	1.1069		4.4280		4.6480		
2013-11-25	0.9911		4.4710		4.7410		
2013-11-24	2.6621		4.6290		4.8620		
2013-11-22	1.1897		4.6280		
2013-11-21	1.1409		4.6820		4.9690		
2013-11-20	1.2194		4.7910		5.0660		
2013-11-19	1.1849		4.8690		5.1620		
2013-11-18	1.2823		5.0110		5.2010		
2013-11-17	2.6603		5.0950		5.2310		
2013-11-15	1.2883		5.1940		
2013-11-14	1.3397		5.2570		5.2220		
2013-11-13	1.3627		5.3420		5.2020		
2013-11-12	1.4450		5.4570		5.1740		
2013-11-11	1.4350		5.3900		5.1370		
2013-11-10	2.8406		5.3670		5.1100		
2013-11-08	1.4037		5.2530		
2013-11-07	1.4941		5.1880		5.0430		
2013-11-06	1.5719		5.0630		5.0030		
2013-11-05	1.3239		4.8910		4.8590		
2013-11-04	1.3926		4.8850		4.7100		
2013-11-03	2.6332		4.8530		4.6700		
2013-11-01	1.2844		4.8770		
2013-10-31	1.2662		4.8990		4.7200		
2013-10-30	1.2590		4.9430		4.6740		
2013-10-29	1.3116		4.8270		4.6260		
2013-10-28	1.3346		4.5350		4.6320		
2013-10-27	2.6768		4.4880		4.8120		
2013-10-25	1.3242		4.5160		
2013-10-24	1.3478		4.5410		4.7780		
2013-10-23	1.0462		4.4060		4.8880		
2013-10-22	0.7766		4.4250		4.9570		
2013-10-21	1.2490		4.7290		5.1860		
2013-10-20	2.7275		5.1380		
2013-10-18	1.3709		5.0690		
2013-10-17	1.0994		5.0150		
2013-10-16	1.0814		5.3720		
2013-10-15	1.3338		5.4920		
2013-10-14	1.9961		5.6440		5.5060		
2013-10-13	2.6014		5.2820		
2013-10-11	1.2724		5.3230		
2013-10-10	1.7507		5.3590		5.3180		
2013-10-09	1.2998		5.1330		5.1810		
2013-10-08	1.6102		5.1540		5.4710		
2013-10-07	9.3660		5.0040		5.4190		
2013-09-30	2.1327		5.8350		5.5010		
2013-09-29	2.4741		5.4000		5.3440		
2013-09-27	1.2417		5.5630		
2013-09-26	1.2511		5.6420		5.4460		
2013-09-25	2.3574		5.7160		5.7020		
2013-09-24	1.4199		5.1810		5.4770		
2013-09-23	1.3433		5.1680		5.4410		
2013-09-22	5.5403		5.2870		5.4360		
2013-09-18	1.3846		5.6880		5.3750		
2013-09-17	1.3960		5.7750		5.3500		
2013-09-16	1.5610		5.7140		5.3210		
2013-09-15	2.7238		5.5860		5.3330		
2013-09-13	1.3626		5.5590		
2013-09-12	2.1832		5.5290		5.2850		
2013-09-11	1.5409		5.0620		5.0400		
2013-09-10	1.2866		4.9280		4.9690		
2013-09-09	1.3277		4.9290		4.9800		
2013-09-08	2.6751		5.0810		4.9830		
2013-09-06	1.3079		5.0510		
2013-09-05	1.3336		5.0420		5.0200		
2013-09-04	1.2951		5.0180		5.0150		
2013-09-03	1.2895		5.0100		5.0210		
2013-09-02	1.6050		5.0300		5.0280		
2013-09-01	2.6198		4.8840		4.9500		
2013-08-30	1.2922		4.9550		
2013-08-29	1.2886		4.9970		4.9660		
2013-08-28	1.2804		5.0120		4.9820		
2013-08-27	1.3267		5.0330		5.1340		
2013-08-26	1.3388		5.0250		5.1320		
2013-08-25	2.7488		5.0160		5.1240		
2013-08-23	1.3695		4.9640		
2013-08-22	1.3161		4.9350		5.0630		
2013-08-21	1.3176		4.9520		5.0560		
2013-08-20	1.3132		5.2350		5.0530		
2013-08-19	1.3223		5.2380		5.1700		
2013-08-18	2.6527		5.2320		
2013-08-16	1.3166		5.2020		
2013-08-15	1.3476		5.1920		5.3060		
2013-08-14	1.8347		5.1610		5.2850		
2013-08-13	1.3178		4.8710		5.1270		
2013-08-12	1.3123		5.1020		5.1130		
2013-08-11	2.5972		5.2820		5.1010		
2013-08-09	1.2976		5.2580		
2013-08-08	1.2917		5.4210		5.0840		
2013-08-07	1.3046		5.4100		5.1600		
2013-08-06	1.7413		5.3840		5.2290		
2013-08-05	1.6389		5.1240		5.1720		
2013-08-04	2.5539		4.9210		5.1470		
2013-08-02	1.5950		4.9230		
2013-08-01	1.2715		4.7480		5.2940		
2013-07-31	1.2575		4.9110		5.3820		
2013-07-30	1.2680		5.0750		5.4980		
2013-07-29	1.2676		5.2200		5.5870		
2013-07-28	2.5568		5.3720		5.6990		
2013-07-26	1.2750		5.6880		
2013-07-25	1.5699		5.8430		6.0730		
2013-07-24	1.5564		5.8550		6.1360		
2013-07-23	1.5331		5.9240		6.2740		
2013-07-22	1.5456		5.9550		6.3080		
2013-07-21	3.1312		6.0270		6.6720		
2013-07-19	1.5552		6.1160		
2013-07-18	1.5923		6.3040		7.2810		
2013-07-17	1.6806		6.4180		7.3060		
2013-07-16	1.5903		6.6250		7.4160		
2013-07-15	1.6743		6.6620		7.6820		
2013-07-14	3.2934		7.3210		7.6850		
2013-07-12	1.8936		7.3870		
2013-07-11	1.7990		8.2680		7.5270		
2013-07-10	2.0524		8.2010		7.4460		
2013-07-09	1.6580		8.2130		7.2360		
2013-07-08	2.8558		8.7110		7.0960		
2013-07-07	3.4109		8.0500		6.4420		
2013-07-05	3.4612		7.8810		
2013-07-04	1.6796		6.7900		5.0950		
2013-07-03	2.0741		6.6960		4.7840		
2013-07-02	2.5384		6.2680		4.4210		
2013-07-01	1.6857		5.5040		3.8700		
2013-06-30	3.1101		4.8590		3.6600		
2013-06-28	1.5123		3.8960		
2013-06-27	1.5105		3.4270		3.1310		
2013-06-26	1.3030		2.9060		2.9740		
2013-06-25	1.1547		2.6050		
2013-06-24	0.5091		2.2620		
2013-06-23	1.3401		2.4750		
2013-06-21	0.6454		2.6130		
2013-06-20	0.5423		2.8360		3.1750		
2013-06-19	0.7415		3.0410		3.2780		
2013-06-18	0.5107		3.1540		3.3300		
2013-06-17	0.9094		3.3910		3.4500		
2013-06-16	1.5987		3.4140		3.5180		
2013-06-14	1.0612		3.5780		
2013-06-13	0.9243		3.5150		3.6020		
2013-06-12	4.7575		3.5160		3.6630		
2013-06-07	0.9435		3.6480		
2013-06-06	0.9271		3.6880		3.7610		
2013-06-05	0.9330		3.8090		3.7800		
2013-06-04	0.9566		3.8820		3.7970		
2013-06-03	1.1600		3.8940		3.8080		
2013-06-02	1.9516		3.8100		3.7640		
2013-05-31	1.0186		3.8410		
2013-05-30	1.1504		3.8340		3.7850		
2013-05-29	1.0666		3.7510		3.7700		
2013-05-28	0.9796		3.7120		3.7860		
2013-05-27	1.0056		3.7220		3.8120		
2013-05-26	2.0086		3.7180		3.8280		
2013-05-24	1.0043		3.7310		
2013-05-23	0.9981		3.7360		3.8540		
2013-05-22	0.9940		3.7890		3.8620		
2013-05-21	0.9973		3.8600		3.8710		
2013-05-20	0.9991		3.9030		3.8760		
2013-05-19	2.0325		3.9380		3.9660		
2013-05-17	1.0147		3.9610		
2013-05-16	1.0957		3.9710		4.0920		
2013-05-15	1.1241		3.9350		4.0670		
2013-05-14	1.0764		3.8830		
2013-05-13	1.0652		3.8490		
2013-05-12	2.0741		3.9940		
2013-05-10	1.0341		3.9550		
2013-05-09	1.0289		4.2120		3.9560		
2013-05-08	1.0278		4.1990		3.9640		
2013-05-07	1.0137		4.1820		3.9530		
2013-05-06	1.3330		4.1730		3.9530		
2013-05-05	2.0009		3.9910		3.8690		
2013-05-03	1.5084		3.9860		
2013-05-02	1.0057		3.7000		3.7490		
2013-05-01	4.9834		3.7290		
2013-04-26	0.9790		3.7780		
2013-04-25	1.0606		3.7980		3.8960		
2013-04-24	0.9875		3.7890		3.9890		
2013-04-23	1.0145		3.8270		4.0170		
2013-04-22	1.0214		3.8920		4.0370		
2013-04-21	2.0491		3.9160		4.0920		
2013-04-19	1.0161		3.9630		
2013-04-18	1.0446		3.9940		
2013-04-17	1.0581		4.1890		
2013-04-16	1.1339		4.2070		4.1260		
2013-04-15	1.0664		4.1830		4.1020		
2013-04-14	2.1356		4.2680		4.1060		
2013-04-12	1.0725		4.2580		
2013-04-11	1.4034		4.2500		4.0930		
2013-04-10	1.0925		4.0630		3.9890		
2013-04-09	1.0881		4.0440		3.9700		
2013-04-08	1.2241		4.0210		3.9450		
2013-04-07	4.2341		3.9440		3.8880		
2013-04-03	1.0573		3.9150		3.8780		
2013-04-02	1.0456		3.8960		3.8760		
2013-04-01	1.0814		3.8700		3.8750		
2013-03-31	2.1101		3.8330		3.8650		
2013-03-29	1.0513		3.8250		
2013-03-28	1.0197		3.8240		3.8730		
2013-03-27	1.0215		3.8410		3.8720		
2013-03-26	0.9976		3.8570		3.8830		
2013-03-25	1.0136		3.8810		3.9140		
2013-03-24	2.0955		3.8970		3.9800		
2013-03-22	1.0492		3.9070		
2013-03-21	1.0511		3.9210		4.0540		
2013-03-20	1.0507		3.9030		4.3170		
2013-03-19	1.0420		3.9090		4.5290		
2013-03-18	1.0445		3.9480		4.6040		
2013-03-17	2.1128		4.0630		4.6810		
2013-03-15	1.0761		4.1520		
2013-03-14	1.0166		4.1870		4.8460		
2013-03-13	1.0629		4.7330		4.8900		
2013-03-12	1.1137		5.1510		4.8960		
2013-03-11	1.2569		5.2650		5.0380		
2013-03-10	2.2766		5.3010		5.0000		
2013-03-08	1.1408		5.2780		
2013-03-07	2.0177		5.5090		5.0200		
2013-03-06	1.8285		5.0480		4.8460		
2013-03-05	1.3198		4.6420		4.6590		
2013-03-04	1.3239		4.8130		4.6210		
2013-03-03	2.2346		4.7000		4.5650		
2013-03-01	1.5599		4.7260		
2013-02-28	1.1787		4.5340		4.5220		
2013-02-27	1.0857		4.6440		4.5340		
2013-02-26	1.6321		4.6750		4.6750		
2013-02-25	1.1170		4.4300		4.4300		
2013-02-24	2.2827		4.4310		4.4310		
2013-02-22	1.2079		4.4250		
2013-02-21	1.3816		4.3860		4.3100		
2013-02-20	1.1424		4.2520		4.2240		
2013-02-19	1.1826		4.2490		4.2230		
2013-02-18	1.1177		4.2240		4.2000		
2013-02-17	10.224		4.2340		4.2050		
2013-02-08	1.1354		4.1660		
2013-02-07	1.0674		4.2670		4.4580		
2013-02-06	1.1382		4.3440		4.4920		
2013-02-05	1.0988		4.5360		4.5060		
2013-02-04	1.1346		4.5960		4.5300		
2013-02-03	2.2534		4.6340		4.5430		
2013-02-01	1.3212		4.7170		
2013-01-31	1.2090		4.6490		4.5210		
2013-01-30	1.4908		4.6400		4.5000		
2013-01-29	1.2101		4.4770		4.3930		
2013-01-28	1.2028		4.4640		4.3660		
2013-01-27	2.4058		4.4530		4.3940		
2013-01-25	1.1975		4.4100		
2013-01-24	1.1912		4.3920		4.5270		
2013-01-23	1.1917		4.3600		4.5750		
2013-01-22	1.1867		4.3100		4.5760		
2013-01-21	1.1822		4.2690		4.5790		
2013-01-20	2.3275		4.3360		4.7780		
2013-01-18	1.1649		4.3720		
2013-01-17	1.1315		4.6620		4.7940		
2013-01-16	1.1007		4.7900		4.8120		
2013-01-15	1.1113		4.8430		4.8380		
2013-01-14	1.3050		4.8890		4.8620		
2013-01-13	2.3944		5.2210		4.8320		
2013-01-11	1.6960		5.2080		
2013-01-10	1.3665		4.9270		4.6970		
2013-01-09	1.1980		4.8340		4.6470		
2013-01-08	1.1948		4.8330		4.6250		
2013-01-07	1.9117		4.8340		4.6140		
2013-01-06	2.3694		4.4450		4.5510		
2013-01-04	1.1836		4.4590		
2013-01-03	3.5900		4.4690		
2012-12-31	1.1984		4.3940		4.2900		
2012-12-30	2.3943		4.6580		4.2360		
2012-12-28	1.2020		4.4920		
2012-12-27	1.1801		4.4060		4.1340		
2012-12-26	1.1186		4.3270		4.1020		
2012-12-25	1.1539		4.2730		4.0720		
2012-12-24	1.6822		4.1870		4.0320		
2012-12-23	2.0909		3.8160		3.8400		
2012-12-21	1.0439		3.7770		
2012-12-20	1.0350		3.8620		3.8930		
2012-12-19	1.0194		3.8770		3.9120		
2012-12-18	0.9949		3.8710		3.9370		
2012-12-17	0.9993		3.8780		3.9620		
2012-12-16	2.0185		3.8630		3.9910		
2012-12-14	1.2006		3.9720		
2012-12-13	1.0628		3.9230		4.0360		
2012-12-12	1.0078		3.9470		4.0520		
2012-12-11	1.0073		4.0030		4.0820		
2012-12-10	0.9728		4.0470		4.1100		
2012-12-09	2.2199		4.1200		4.1410		
2012-12-07	1.1100		4.1390		
2012-12-06	1.1064		4.1490		4.1520		
2012-12-05	1.1118		4.1580		4.1560		
2012-12-04	1.0876		4.1610		4.1570		
2012-12-03	1.1069		4.1730		4.1630		
2012-12-02	2.2561		4.1620		4.1660		
2012-11-30	1.1282		4.1570		
2012-11-29	1.1227		4.1540		4.1630		
2012-11-28	1.1172		4.1540		4.1590		
2012-11-27	1.1107		4.1520		4.1490		
2012-11-26	1.0855		4.1520		4.1460		
2012-11-25	2.2466		4.1710		4.1550		
2012-11-23	1.1241		4.1710		
2012-11-22	1.1222		4.1720		4.1410		
2012-11-21	1.1140		4.1640		4.1370		
2012-11-20	1.1099		4.1460		4.1420		
2012-11-19	1.1208		4.1410		4.1540		
2012-11-18	2.2468		4.1390		4.1690		
2012-11-16	1.1255		4.1200		
2012-11-15	1.1077		4.1100		4.2180		
2012-11-14	1.0810		4.1100		4.2420		
2012-11-13	1.1001		4.1390		4.2730		
2012-11-12	1.1171		4.1680		4.3000		
2012-11-11	2.2118		4.1980		4.3850		
2012-11-09	1.1080		4.2840		
2012-11-08	1.1075		4.3260		
2012-11-07	1.1330		4.3730		
2012-11-06	1.1538		4.4070		
2012-11-05	1.1735		4.4310		
2012-11-04	2.3686		4.4540		
2012-11-02	1.1861		4.4880		
2012-11-01	1.1938		4.5570		
2012-10-31	1.1962		
2012-10-30	1.1981		4.5960		
2012-10-29	1.2150		
2012-10-28	2.4309		
