2014-06-03	1.2133		4.9700		
2014-06-02	3.6045		4.9750		4.9980		
2014-05-30	1.1999		4.9740		
2014-05-29	1.7821		5.2160		5.0570		
2014-05-28	1.5022		4.9020		4.9260		
2014-05-27	1.2241		4.9600		4.8760		
2014-05-26	1.2020		4.9550		4.9410		
2014-05-25	2.3993		4.9800		4.9820		
2014-05-23	1.6426		5.0860		
2014-05-22	1.2077		4.8990		5.0030		
2014-05-21	1.6081		4.9500		5.2550		
2014-05-20	1.2150		4.7930		5.1880		
2014-05-19	1.2488		4.9270		5.2170		
2014-05-18	2.5919		4.9830		5.2420		
2014-05-16	1.3017		5.0680		
2014-05-15	1.3010		5.1080		
2014-05-14	1.3202		5.5610		
2014-05-13	1.4616		5.5860		5.1970		
2014-05-12	1.3510		5.5070		5.1390		
2014-05-11	2.7469		5.5010		
2014-05-09	1.3735		5.3880		
2014-05-08	2.1258		5.3320		5.1750		
2014-05-07	1.3659		4.8640		4.9560		
2014-05-06	1.3191		4.8100		4.9560		
2014-05-05	1.3396		4.7710		
2014-05-04	5.0843		4.7440		4.9740		
2014-04-30	1.2684		5.0480		
2014-04-29	1.2471		5.1010		
2014-04-28	1.2903		5.1830		5.4710		
2014-04-27	2.5807		5.5560		5.5090		
2014-04-25	1.7317		5.7600		
2014-04-24	1.3267		5.6190		5.4910		
2014-04-23	1.3661		5.7000		5.5180		
2014-04-22	1.3959		5.7520		5.5310		
2014-04-21	1.9690		5.7600		5.5450		
2014-04-20	2.9513		5.4630		
2014-04-18	1.4764		5.3960		
2014-04-17	1.4739		5.3630		
2014-04-16	1.4608		5.3350		5.3100		
2014-04-15	1.4091		5.3090		5.3510		
2014-04-14	1.4297		5.3310		5.3460		
2014-04-13	2.8291		5.3270		5.3320		
2014-04-11	1.4169		5.3350		
2014-04-10	1.4236		5.3370		5.3020		
2014-04-09	1.4136		5.2850		5.5140		
2014-04-08	1.4481		5.3920		
2014-04-07	4.2673		5.3620		5.3620		
2014-04-04	1.4198		5.2890		
2014-04-03	1.3281		5.2670		5.7750		
2014-04-02	1.6097		5.7440		5.7750		
2014-04-01	1.3928		6.0200		
2014-03-31	1.3761		5.9990		5.9430		
2014-03-30	2.7579		6.0840		5.9340		
2014-03-28	1.3801		6.0680		
2014-03-27	2.1953		6.0810		5.8910		
2014-03-26	2.1126		5.8070		5.6440		
2014-03-25	1.3528		5.3750		5.4430		
2014-03-24	1.5283		5.8870		5.4560		
2014-03-23	2.7293		5.7840		5.5330		
2014-03-21	1.4048		5.7430		
2014-03-20	1.6984		5.7010		5.5710		
2014-03-19	1.3275		5.4810		5.4990		
2014-03-18	2.2830		5.5110		5.5270		
2014-03-17	1.3419		5.0270		5.4010		
2014-03-16	2.6553		5.2820		5.4340		
2014-03-14	1.3281		5.3860		
2014-03-13	1.2981		5.4400		
2014-03-12	1.3832		5.5180		
2014-03-11	1.4003		5.5420		
2014-03-10	1.8063		5.7770		
2014-03-09	2.8449		5.5870		
2014-03-07	1.4275		5.6510		
2014-03-06	1.4398		5.7180		
2014-03-05	1.4269		6.1450		
2014-03-04	1.8269		6.2220		6.1570		
2014-03-03	1.4605		6.1010		6.0610		
2014-03-02	2.9615		6.2690		6.0710		
2014-02-28	1.5499		6.3730		
2014-02-27	2.2127		6.3880		6.1110		
2014-02-26	1.5656		6.1370		5.9640		
2014-02-25	1.6083		6.0920		6.0090		
2014-02-24	1.7632		6.0210		6.5060		
2014-02-23	3.1500		5.8740		6.7390		
2014-02-21	1.5772		5.7520		
2014-02-20	1.7593		5.8340		
2014-02-19	1.4842		5.7910		
2014-02-18	1.4792		5.9260		
2014-02-17	1.4984		6.9940		
2014-02-16	2.9284		7.6100		
2014-02-14	1.7256		7.5560		
2014-02-13	1.6815		7.3850		
2014-02-12	1.7284		7.1800		
2014-02-11	3.4037		6.9490		5.9100		
2014-02-10	2.5999		5.7910		5.3080		
2014-02-09	2.8313		5.0840		4.9330		
2014-02-07	1.4221		4.9740		
2014-02-06	9.2023		4.9150		4.9070		
2014-01-30	1.3129		4.8990		5.5830		
2014-01-29	1.2528		5.0460		5.9380		
2014-01-28	1.2167		5.2630		6.0530		
2014-01-27	1.2318		5.4590		6.2090		
2014-01-26	2.7770		5.6800		6.5760		
2014-01-24	1.3823		6.0330		
2014-01-23	1.5811		6.2710		6.5840		
2014-01-22	1.6493		6.8390		6.5880		
2014-01-21	1.5733		6.8500		6.5800		
2014-01-20	1.6333		6.9640		6.5630		
2014-01-19	3.4171		7.4800		6.6690		
2014-01-17	1.8119		7.1560		
2014-01-16	2.6024		6.8970		6.6860		
2014-01-15	1.6690		6.3390		
2014-01-14	1.7794		6.3110		6.4850		
2014-01-13	2.5558		6.1630		6.2140		
2014-01-12	2.8371		5.8630		5.8620		
2014-01-10	1.3484		5.9420		
2014-01-09	1.5982		6.4760		5.8520		
2014-01-08	1.6196		6.6010		5.7500		
2014-01-07	1.5112		6.4000		5.6410		
2014-01-06	2.0139		6.2660		5.5380		
2014-01-05	2.9801		5.8610		5.3270		
2014-01-03	2.3123		5.7710		
2014-01-02	1.8241		5.2310		4.7170		
2014-01-01	1.2576		4.9060		4.5470		
2013-12-31	1.2686		4.8870		
2013-12-30	1.2820		4.8160		4.5050		
2013-12-29	2.8156		4.7950		4.5050		
2013-12-27	1.3317		4.3860		
2013-12-26	1.2296		4.2050		4.4350		
2013-12-25	1.2227		4.1900		4.4950		
2013-12-24	1.1392		4.1800		4.5140		
2013-12-23	1.2444		4.1950		4.5160		
2013-12-22	2.0646		4.2150		4.4980		
2013-12-20	0.9985		4.4990		
2013-12-19	1.2037		4.6650		4.6500		
2013-12-18	1.2035		4.8000		4.5890		
2013-12-17	1.1661		4.8490		4.5470		
2013-12-16	1.2825		4.8380		4.5190		
2013-12-15	2.5854		4.7810		4.4230		
2013-12-13	1.3042		4.7660		
2013-12-12	1.4507		4.6340		4.3580		
2013-12-11	1.2927		4.3780		4.1990		
2013-12-10	1.1461		4.2470		4.0700		
2013-12-09	1.1779		4.2000		4.0380		
2013-12-08	2.5587		4.0670		3.9650		
2013-12-06	1.0618		4.0960		
2013-12-05	0.9811		4.0830		3.9630		
2013-12-04	1.0511		4.0210		3.9850		
2013-12-03	1.0604		3.8940		4.0090		
2013-12-02	0.9321		3.8760		4.0210		
2013-12-01	2.6120		3.8640		4.0950		
2013-11-29	1.0382		3.8050		
2013-11-28	0.8665		3.8440		4.1110		
2013-11-27	0.8180		3.9490		4.2180		
2013-11-26	1.0263		4.1240		4.3440		
2013-11-25	0.9108		4.1670		4.4360		
2013-11-24	2.5032		4.3250		4.5570		
2013-11-22	1.1097		4.3240		
2013-11-21	1.0610		4.3780		4.6640		
2013-11-20	1.1394		4.4860		4.7600		
2013-11-19	1.1052		4.5650		4.8560		
2013-11-18	1.2030		4.7070		4.8940		
2013-11-17	2.5014		4.7890		4.9240		
2013-11-15	1.2087		4.8880		
2013-11-14	1.2596		4.9500		4.9150		
2013-11-13	1.2830		5.0350		4.8950		
2013-11-12	1.3652		5.1490		4.8660		
2013-11-11	1.3548		5.0820		4.8290		
2013-11-10	2.6817		5.0580		4.8020		
2013-11-08	1.3227		4.9450		
2013-11-07	1.4138		4.8800		4.7350		
2013-11-06	1.4907		4.7550		4.6950		
2013-11-05	1.2431		4.5840		4.5520		
2013-11-04	1.3123		4.5770		4.4030		
2013-11-03	2.4743		4.5460		4.3640		
2013-11-01	1.2040		4.5700		
2013-10-31	1.1855		4.5910		4.4140		
2013-10-30	1.1774		4.6350		4.3690		
2013-10-29	1.2304		4.5200		4.3220		
2013-10-28	1.2546		4.2300		4.3290		
2013-10-27	2.5179		4.1830		4.5090		
2013-10-25	1.2434		4.2110		
2013-10-24	1.2669		4.2380		4.4750		
2013-10-23	0.9658		4.1040		4.5860		
2013-10-22	0.6965		4.1240		4.6540		
2013-10-21	1.1697		4.4280		4.8820		
2013-10-20	2.5686		4.8360		
2013-10-18	1.2925		4.7670		
2013-10-17	1.0212		4.7130		
2013-10-16	1.0030		5.0690		
2013-10-15	1.2557		5.1870		
2013-10-14	1.9173		5.3380		5.2000		
2013-10-13	2.4425		4.9770		
2013-10-11	1.1934		5.0180		
2013-10-10	1.6722		5.0530		5.0130		
2013-10-09	1.2183		4.8270		4.8760		
2013-10-08	1.5303		4.8490		5.1650		
2013-10-07	8.8098		4.7000		5.1130		
2013-09-30	2.0525		5.5270		5.1950		
2013-09-29	2.3152		5.0940		5.0390		
2013-09-27	1.1645		5.2560		
2013-09-26	1.1707		5.3340		5.1400		
2013-09-25	2.2768		5.4080		5.3950		
2013-09-24	1.3384		4.8760		5.1720		
2013-09-23	1.2640		4.8650		5.1360		
2013-09-22	5.2225		4.9830		5.1310		
2013-09-18	1.3069		5.3830		5.0700		
2013-09-17	1.3168		5.4680		5.0450		
2013-09-16	1.4814		5.4070		5.0160		
2013-09-15	2.5649		5.2790		5.0280		
2013-09-13	1.2828		5.2530		
2013-09-12	2.1031		5.2230		4.9810		
2013-09-11	1.4611		4.7580		4.7360		
2013-09-10	1.2074		4.6240		4.6650		
2013-09-09	1.2483		4.6260		4.6760		
2013-09-08	2.5162		4.7770		4.6790		
2013-09-06	1.2279		4.7470		
2013-09-05	1.2548		4.7390		4.7160		
2013-09-04	1.2158		4.7140		4.7110		
2013-09-03	1.2104		4.7060		4.7170		
2013-09-02	1.5254		4.7260		4.7240		
2013-09-01	2.4609		4.5800		4.6470		
2013-08-30	1.2129		4.6500		
2013-08-29	1.2093		4.6930		4.6630		
2013-08-28	1.2005		4.7080		4.6790		
2013-08-27	1.2468		4.7290		4.8310		
2013-08-26	1.2587		4.7230		4.8290		
2013-08-25	2.5899		4.7140		4.8220		
2013-08-23	1.2904		4.6620		
2013-08-22	1.2375		4.6330		4.7620		
2013-08-21	1.2390		4.6500		4.7560		
2013-08-20	1.2348		4.9320		4.7520		
2013-08-19	1.2430		4.9350		4.8690		
2013-08-18	2.4938		4.9310		
2013-08-16	1.2376		4.9010		
2013-08-15	1.2685		4.8910		5.0050		
2013-08-14	1.7562		4.8610		4.9850		
2013-08-13	1.2401		4.5720		4.8270		
2013-08-12	1.2354		4.8030		4.8140		
2013-08-11	2.4383		4.9800		4.8020		
2013-08-09	1.2199		4.9560		
2013-08-08	1.2146		5.1190		4.7850		
2013-08-07	1.2265		5.1090		4.8600		
2013-08-06	1.6627		5.0830		4.9290		
2013-08-05	1.5594		4.8250		4.8730		
2013-08-04	2.3950		4.6240		4.8480		
2013-08-02	1.5174		4.6250		
2013-08-01	1.1951		4.4510		4.9950		
2013-07-31	1.1796		4.6130		5.0830		
2013-07-30	1.1913		4.7760		5.1990		
2013-07-29	1.1907		4.9210		5.2880		
2013-07-28	2.3979		5.0720		5.4000		
2013-07-26	1.1972		5.3870		
2013-07-25	1.4922		5.5420		5.7730		
2013-07-24	1.4783		5.5550		5.8360		
2013-07-23	1.4562		5.6250		5.9730		
2013-07-22	1.4672		5.6570		6.0070		
2013-07-21	2.9722		5.7280		6.3690		
2013-07-19	1.4784		5.8180		
2013-07-18	1.5162		6.0050		6.9760		
2013-07-17	1.6053		6.1180		6.9990		
2013-07-16	1.5140		6.3230		7.1070		
2013-07-15	1.5974		6.3590		7.3700		
2013-07-14	3.1345		7.0140		7.3730		
2013-07-12	1.8167		7.0790		
2013-07-11	1.7218		7.9570		7.2130		
2013-07-10	1.9756		7.8870		7.1310		
2013-07-09	1.5787		7.8970		6.9210		
2013-07-08	2.7741		8.3910		6.7800		
2013-07-07	3.2520		7.7330		6.1280		
2013-07-05	3.3819		7.5640		
2013-07-04	1.5987		6.4750		4.7840		
2013-07-03	1.9930		6.3810		4.4740		
2013-07-02	2.4555		5.9530		4.1120		
2013-07-01	1.6047		5.1920		3.5630		
2013-06-30	2.9512		4.5480		3.3540		
2013-06-28	1.4304		3.5870		
2013-06-27	1.4288		3.1210		2.8260		
2013-06-26	1.2209		2.6020		2.6690		
2013-06-25	1.0719		2.3020		
2013-06-24	0.4263		1.9600		
2013-06-23	1.1812		2.1750		
2013-06-21	0.5646		2.3120		
2013-06-20	0.4608		2.5320		2.8730		
2013-06-19	0.6607		2.7370		2.9760		
2013-06-18	0.4296		2.8500		3.0280		
2013-06-17	0.8290		3.0880		3.1480		
2013-06-16	1.4398		3.1110		3.2150		
2013-06-14	0.9766		3.2750		
2013-06-13	0.8434		3.2140		3.3000		
2013-06-12	4.3602		3.2160		3.3610		
2013-06-07	0.8631		3.3460		
2013-06-06	0.8469		3.3870		3.4590		
2013-06-05	0.8527		3.5070		3.4780		
2013-06-04	0.8766		3.5790		3.4940		
2013-06-03	1.0802		3.5920		3.5050		
2013-06-02	1.7926		3.5080		3.4620		
2013-05-31	0.9387		3.5380		
2013-05-30	1.0699		3.5310		3.4830		
2013-05-29	0.9869		3.4490		3.4680		
2013-05-28	0.8995		3.4100		3.4840		
2013-05-27	0.9243		3.4190		3.5100		
2013-05-26	1.8496		3.4160		3.5260		
2013-05-24	0.9249		3.4290		
2013-05-23	0.9181		3.4350		3.5520		
2013-05-22	0.9137		3.4870		3.5600		
2013-05-21	0.9172		3.5580		3.5700		
2013-05-20	0.9193		3.6010		3.5740		
2013-05-19	1.8736		3.6360		3.6640		
2013-05-17	0.9347		3.6590		
2013-05-16	1.0159		3.6690		3.7880		
2013-05-15	1.0446		3.6330		3.7640		
2013-05-14	0.9963		3.5810		
2013-05-13	0.9853		3.5470		
2013-05-12	1.9152		3.6920		
2013-05-10	0.9542		3.6530		
2013-05-09	0.9490		3.9070		3.6230		
2013-05-08	0.9482		3.8940		3.6610		
2013-05-07	0.9339		3.8770		3.6500		
2013-05-06	1.2534		3.8680		3.6500		
2013-05-05	1.8420		3.6860		3.5660		
2013-05-03	1.4250		3.6820		
2013-05-02	0.9244		3.3980		3.4470		
2013-05-01	4.5861		3.4280		
2013-04-26	0.8986		3.4750		
2013-04-25	0.9806		3.4960		3.5930		
2013-04-24	0.9074		3.4870		3.6860		
2013-04-23	0.9337		3.5260		3.7140		
2013-04-22	0.9419		3.5900		3.7340		
2013-04-21	1.8902		3.6130		3.7890		
2013-04-19	0.9369		3.6600		
2013-04-18	0.9645		3.6900		
2013-04-17	0.9783		3.8850		
2013-04-16	1.0521		3.9030		3.8220		
2013-04-15	0.9858		3.8790		3.7990		
2013-04-14	1.9767		3.9640		3.8030		
2013-04-12	0.9925		3.9540		
2013-04-11	1.3238		3.9470		3.7900		
2013-04-10	1.0131		3.7600		3.6850		
2013-04-09	1.0073		3.7400		3.6660		
2013-04-08	1.1429		3.7190		3.6410		
2013-04-07	3.9163		3.6420		3.5840		
2013-04-03	0.9767		3.6110		3.5730		
2013-04-02	0.9680		3.5910		3.5720		
2013-04-01	0.9995		3.5630		3.5700		
2013-03-31	1.9512		3.5270		3.5600		
2013-03-29	0.9708		3.5190		
2013-03-28	0.9370		3.5180		3.5680		
2013-03-27	0.9394		3.5360		3.5690		
2013-03-26	0.9159		3.5520		3.5820		
2013-03-25	0.9331		3.5780		3.6150		
2013-03-24	1.9366		3.5940		3.6810		
2013-03-22	0.9691		3.6030		
2013-03-21	0.9699		3.6190		3.7550		
2013-03-20	0.9703		3.6030		4.0170		
2013-03-19	0.9625		3.6120		4.2290		
2013-03-18	0.9633		3.6520		4.3040		
2013-03-17	1.9539		3.7690		4.3800		
2013-03-15	0.9981		3.8570		
2013-03-14	0.9409		3.8920		4.5450		
2013-03-13	0.9862		4.4330		4.5880		
2013-03-12	1.0374		4.8490		4.5930		
2013-03-11	1.1787		4.9600		4.7340		
2013-03-10	2.1177		4.9950		4.6950		
2013-03-08	1.0620		4.9720		
2013-03-07	1.9373		5.2010		4.7150		
2013-03-06	1.7488		4.7430		4.5410		
2013-03-05	1.2403		4.3380		4.3540		
2013-03-04	1.2427		4.5080		4.3150		
2013-03-03	2.0757		4.3970		4.2600		
2013-03-01	1.4804		4.4230		
2013-02-28	1.0992		4.2320		4.2160		
2013-02-27	1.0064		4.3410		4.2280		
2013-02-26	1.5531		4.3710		4.3710		
2013-02-25	1.0377		4.1230		4.1230		
2013-02-24	2.1238		4.1230		4.1230		
2013-02-22	1.1287		4.1170		
2013-02-21	1.2995		4.0780		4.0050		
2013-02-20	1.0616		3.9470		3.9220		
2013-02-19	1.0974		3.9440		3.9220		
2013-02-18	1.0383		3.9220		3.9020		
2013-02-17	9.5099		3.9320		3.9070		
2013-02-08	1.0559		3.8720		
2013-02-07	0.9944		3.9730		4.1590		
2013-02-06	1.0629		4.0470		4.1910		
2013-02-05	1.0236		4.2360		4.2040		
2013-02-04	1.0546		4.2940		4.2270		
2013-02-03	2.0945		4.3310		4.2380		
2013-02-01	1.2434		4.4140		
2013-01-31	1.1295		4.3450		4.2160		
2013-01-30	1.4108		4.3350		4.1950		
2013-01-29	1.1301		4.1730		4.0900		
2013-01-28	1.1228		4.1600		4.0640		
2013-01-27	2.2469		4.1460		4.0920		
2013-01-25	1.1175		4.1040		
2013-01-24	1.1111		4.0870		4.2250		
2013-01-23	1.1119		4.0560		4.2730		
2013-01-22	1.1066		4.0080		4.2750		
2013-01-21	1.0979		3.9690		4.2770		
2013-01-20	2.1686		4.0380		4.4740		
2013-01-18	1.0865		4.0740		
2013-01-17	1.0535		4.3620		4.4900		
2013-01-16	1.0231		4.4900		4.5080		
2013-01-15	1.0345		4.5420		4.5330		
2013-01-14	1.2256		4.5870		4.5560		
2013-01-13	2.2354		4.9130		4.5270		
2013-01-11	1.6172		4.8990		
2013-01-10	1.2875		4.6180		4.3920		
2013-01-09	1.1193		4.5250		4.3410		
2013-01-08	1.1164		4.5240		4.3190		
2013-01-07	1.8221		4.5250		4.3070		
2013-01-06	2.2105		4.1420		4.2430		
2013-01-04	1.1031		4.1560		
2013-01-03	3.3517		4.1670		
2012-12-31	1.1197		4.0900		3.9820		
2012-12-30	2.2358		4.3440		3.9280		
2012-12-28	1.1220		4.1790		
2012-12-27	1.0989		4.0930		3.8260		
2012-12-26	1.0381		4.0150		3.7940		
2012-12-25	1.0730		3.9610		3.7650		
2012-12-24	1.5874		3.8740		3.7250		
2012-12-23	1.9324		3.5130		3.5350		
2012-12-21	0.9635		3.4740		
2012-12-20	0.9548		3.5590		3.5890		
2012-12-19	0.9386		3.5740		3.6080		
2012-12-18	0.9138		3.5690		3.6340		
2012-12-17	0.9192		3.5770		3.6590		
2012-12-16	1.8600		3.5580		3.6890		
2012-12-14	1.1207		3.6670		
2012-12-13	0.9830		3.6180		3.7340		
2012-12-12	0.9284		3.6420		3.7500		
2012-12-11	0.9283		3.6980		3.7800		
2012-12-10	0.8844		3.7420		3.8080		
2012-12-09	2.0614		3.8200		3.8380		
2012-12-07	1.0311		3.8390		
2012-12-06	1.0271		3.8490		3.8500		
2012-12-05	1.0328		3.8580		3.8540		
2012-12-04	1.0090		3.8620		3.8550		
2012-12-03	1.0281		3.8750		3.8620		
2012-12-02	2.0976		3.8570		3.8660		
2012-11-30	1.0497		3.8520		
2012-11-29	1.0438		3.8500		3.8630		
2012-11-28	1.0389		3.8500		3.8600		
2012-11-27	1.0328		3.8480		3.8500		
2012-11-26	0.9954		3.8480		3.8480		
2012-11-25	2.0882		3.8740		3.8530		
2012-11-23	1.0458		3.8740		
2012-11-22	1.0443		3.8760		3.8400		
2012-11-21	1.0360		3.8690		3.8360		
2012-11-20	1.0326		3.8520		3.8420		
2012-11-19	1.0434		3.8480		3.8540		
2012-11-18	2.0884		3.8320		3.8680		
2012-11-16	1.0484		3.8130		
2012-11-15	1.0324		3.8030		3.9170		
2012-11-14	1.0045		3.8020		3.9400		
2012-11-13	1.0240		3.8310		3.9700		
2012-11-12	1.0141		3.8600		3.9960		
2012-11-11	2.0533		3.9040		4.1050		
2012-11-09	1.0308		3.9890		
2012-11-08	1.0308		4.0310		
2012-11-07	1.0570		4.0770		
2012-11-06	1.0773		4.1100		
2012-11-05	1.0958		4.1330		
2012-11-04	2.2102		4.1550		
2012-11-02	1.1080		4.1890		
2012-11-01	1.1160		4.3000		
2012-10-31	1.1181		
2012-10-30	1.1196		4.3550		
2012-10-29	1.1358		
2012-10-28	2.2724		
