2014-06-03	1.2918		5.1660		5.7800		
2014-06-02	3.8783		5.1960		
2014-05-30	1.2904		5.2170		
2014-05-29	1.2767		5.4910		
2014-05-28	1.9235		5.5060		5.8380		
2014-05-27	1.3469		5.1630		5.8090		
2014-05-26	1.3152		5.1220		5.8180		
2014-05-25	2.6016		5.1250		
2014-05-23	1.7889		5.0690		
2014-05-22	1.3034		4.7790		
2014-05-21	1.2986		4.9060		5.9240		
2014-05-20	1.2721		4.9280		5.9370		
2014-05-19	1.3206		4.9940		
2014-05-18	2.5009		7.0090		
2014-05-16	1.2577		7.1460		
2014-05-15	1.5359		7.2130		
2014-05-14	1.3388		7.1230		6.0210		
2014-05-13	1.3925		7.1620		6.0320		
2014-05-12	4.9678		7.1640		6.0400		
2014-05-11	2.7462		5.1750		
2014-05-09	1.3776		5.1220		
2014-05-08	1.3752		5.0930		
2014-05-07	1.4078		5.0660		5.8690		
2014-05-06	1.3961		5.0180		5.8780		
2014-05-05	1.3736		5.6760		5.8870		
2014-05-04	5.3002		5.6970		
2014-04-30	1.3217		5.8180		
2014-04-29	2.5932		5.8950		
2014-04-28	1.4120		5.2930		5.9200		
2014-04-27	2.7522		6.7130		
2014-04-25	1.3811		6.8960		5.9540		
2014-04-24	1.3864		7.9920		5.9660		
2014-04-23	1.4609		8.0440		
2014-04-22	1.4993		8.0420		
2014-04-21	3.9813		8.0110		5.9890		
2014-04-20	3.0820		6.5750		
2014-04-18	3.3370		6.4260		5.8290		
2014-04-17	1.4796		5.3610		
2014-04-16	1.4563		5.3270		
2014-04-15	1.4455		5.3030		
2014-04-14	1.4129		5.2960		5.9270		
2014-04-13	2.8137		5.3020		
2014-04-11	1.4075		5.3190		6.0700		
2014-04-10	1.4185		5.3270		6.0620		
2014-04-09	1.4123		5.3160		
2014-04-08	1.4336		5.3190		6.0480		
2014-04-07	4.2669		5.3150		
2014-04-04	1.4233		5.3680		
2014-04-03	1.3986		5.3870		
2014-04-02	1.4170		5.4260		
2014-04-01	1.4267		5.4700		
2014-03-31	1.4505		5.5160		5.9380		
2014-03-30	2.9118		6.1180		
2014-03-28	1.4579		6.2200		5.9430		
2014-03-27	1.4708		6.2700		5.9440		
2014-03-26	1.4879		6.2880		
2014-03-25	1.5197		6.2940		
2014-03-24	2.5412		6.3130		5.9920		
2014-03-23	3.0960		5.7730		
2014-03-21	1.5477		5.7690		
2014-03-20	1.5045		5.7660		5.9380		
2014-03-19	1.4987		5.7720		
2014-03-18	1.5538		5.7840		
2014-03-17	1.5643		5.7760		5.9460		
2014-03-16	3.0884		5.7610		
2014-03-14	1.5417		5.7650		6.0360		
2014-03-13	1.5156		5.7680		
2014-03-12	1.5199		5.7830		
2014-03-11	1.5404		5.8000		
2014-03-10	1.5361		5.8030		
2014-03-09	3.0962		5.8070		
2014-03-07	1.5480		5.8180		
2014-03-06	1.5421		5.9310		
2014-03-05	1.5503		5.9470		
2014-03-04	1.5471		5.9540		
2014-03-03	1.5431		5.9640		6.2560		
2014-03-02	3.1158		5.9800		
2014-02-28	1.7533		5.9850		
2014-02-27	1.5698		5.8820		6.1200		
2014-02-26	1.5634		5.8350		6.0870		
2014-02-25	1.5651		5.7930		6.0600		
2014-02-24	1.5724		5.8200		6.0290		
2014-02-23	3.1247		5.9650		
2014-02-21	1.5661		6.0030		
2014-02-20	1.4860		7.4780		5.8980		
2014-02-19	1.4870		7.5440		5.8710		
2014-02-18	1.6128		8.2030		5.8380		
2014-02-17	1.8354		8.5180		5.8190		
2014-02-16	3.1936		8.2060		
2014-02-14	4.2178		7.9940		
2014-02-13	1.6039		6.4230		5.5820		
2014-02-12	2.6580		6.2010		5.5610		
2014-02-11	2.1714		5.3990		5.4770		
2014-02-10	1.2831		4.8680		5.4180		
2014-02-09	2.8173		4.8240		
2014-02-07	1.4062		4.6000		5.3430		
2014-02-06	8.4226		4.4890		
2014-01-30	1.2146		5.7770		
2014-01-29	1.4311		5.9040		5.2160		
2014-01-28	1.4265		6.2140		5.1990		
2014-01-27	1.4789		6.2280		5.1840		
2014-01-26	2.9619		6.2190		
2014-01-24	2.2590		6.2560		
2014-01-23	1.4445		5.9130		
2014-01-22	1.9926		6.0930		5.0580		
2014-01-21	1.4514		6.5660		5.0060		
2014-01-20	1.4617		6.5570		4.9910		
2014-01-19	3.0292		6.5790		
2014-01-17	1.6384		6.5540		
2014-01-16	1.7698		6.4400		
2014-01-15	2.8472		6.2710		4.8760		
2014-01-14	1.4356		6.4380		4.7750		
2014-01-13	1.4997		6.4470		4.7660		
2014-01-12	2.9858		6.4700		
2014-01-10	1.4330		6.5250		
2014-01-09	1.4639		7.8170		
2014-01-08	3.1487		7.7890		4.7040		
2014-01-07	1.4524		6.6960		4.5890		
2014-01-06	1.5402		6.5550		4.5820		
2014-01-05	3.0851		6.4050		
2014-01-03	3.7467		6.2520		
2014-01-02	1.4142		4.9030		4.3830		
2014-01-01	1.1934		4.7000		
2013-12-31	1.1980		4.6550		
2013-12-30	1.2695		4.5860		4.3660		
2013-12-29	2.8097		4.4760		
2013-12-27	1.2962		4.1230		
2013-12-26	1.0417		3.9090		
2013-12-25	1.1113		3.9060		4.3520		
2013-12-24	1.0714		3.8180		4.3580		
2013-12-23	1.0683		3.9430		4.3610		
2013-12-22	2.1609		4.1020		
2013-12-20	0.9000		4.4070		
2013-12-19	1.0372		4.6260		
2013-12-18	0.9488		4.7460		4.4150		
2013-12-17	1.3019		4.9270		4.3820		
2013-12-16	1.3614		4.8760		4.3790		
2013-12-15	2.7214		4.8320		
2013-12-13	1.3019		4.8040		
2013-12-12	1.2583		4.2840		
2013-12-11	1.2790		3.7510		4.3560		
2013-12-10	1.2083		3.6070		4.3540		
2013-12-09	1.2820		3.2550		4.3510		
2013-12-08	2.6697		2.9520		
2013-12-06	0.3482		2.8560		
2013-12-05	0.2748		3.2490		
2013-12-04	1.0122		3.7310		
2013-12-03	0.5558		3.8260		
2013-12-02	0.7189		4.1690		4.4870		
2013-12-01	2.4915		4.4350		
2013-11-29	1.0794		4.4670		
2013-11-28	1.1678		4.5060		
2013-11-27	1.1869		4.5010		4.5400		
2013-11-26	1.1888		4.5110		4.5450		
2013-11-25	1.2076		4.5190		4.5500		
2013-11-24	2.5513		4.5120		
2013-11-22	1.1500		4.4540		
2013-11-21	1.1601		4.4730		
2013-11-20	1.2043		4.5000		
2013-11-19	1.2043		4.5520		
2013-11-18	1.1934		4.5980		4.5780		
2013-11-17	2.4448		4.6430		
2013-11-15	1.1860		4.6960		
2013-11-14	1.2091		4.7420		
2013-11-13	1.2997		4.7790		4.6000		
2013-11-12	1.2897		4.8050		4.5980		
2013-11-11	1.2746		4.7880		4.5960		
2013-11-10	2.5418		4.7860		
2013-11-08	1.2703		4.7910		
2013-11-07	1.2779		4.7630		
2013-11-06	1.3468		4.7190		4.5930		
2013-11-05	1.2579		4.6190		4.5870		
2013-11-04	1.2709		4.5980		4.5860		
2013-11-03	2.5524		4.5840		
2013-11-01	1.2184		4.5510		
2013-10-31	1.1964		4.5570		
2013-10-30	1.1648		4.5630		4.5880		
2013-10-29	1.2195		4.5420		4.5940		
2013-10-28	1.2454		4.6170		4.5970		
2013-10-27	2.4919		4.6160		
2013-10-25	1.2283		4.6300		
2013-10-24	1.2084		4.4630		
2013-10-23	1.1260		4.0280		4.6100		
2013-10-22	1.3568		4.0960		4.6180		
2013-10-21	1.2443		4.1860		4.6120		
2013-10-20	2.5171		4.1910		
2013-10-18	0.9213		4.0910		
2013-10-17	0.4080		4.2230		
2013-10-16	1.2526		4.6770		4.6900		
2013-10-15	1.5222		4.6260		4.6910		
2013-10-14	1.2530		4.4380		4.6750		
2013-10-13	2.3325		4.4090		
2013-10-11	1.1649		4.4460		
2013-10-10	1.2424		4.4650		
2013-10-09	1.1585		4.4420		4.7000		
2013-10-08	1.1770		4.4650		4.6910		
2013-10-07	8.4015		4.4780		
2013-09-30	1.1902		4.7430		4.6800		
2013-09-29	2.6105		4.7910		
2013-09-27	1.3018		4.8060		
2013-09-26	1.2758		4.7820		4.9020		
2013-09-25	1.2586		4.7730		4.9700		
2013-09-24	1.2505		4.7730		5.0000		
2013-09-23	1.2775		4.8170		5.0040		
2013-09-22	5.1554		4.8110		
2013-09-18	1.2588		4.7580		5.3630		
2013-09-17	1.3306		4.7580		5.4060		
2013-09-16	1.2676		4.7200		5.5000		
2013-09-15	2.5297		4.7160		
2013-09-13	1.2649		4.7130		
2013-09-12	1.2628		4.7110		5.6400		
2013-09-11	1.2597		4.7060		5.6890		
2013-09-10	1.2608		4.7000		5.7390		
2013-09-09	1.2601		4.6940		5.7880		
2013-09-08	2.5246		4.6900		
2013-09-06	1.2612		4.6850		
2013-09-05	1.2529		4.6800		5.9190		
2013-09-04	1.2496		4.6850		5.8590		
2013-09-03	1.2502		4.6900		5.8110		
2013-09-02	1.2519		4.7000		5.7430		
2013-09-01	2.5153		4.7090		
2013-08-30	1.2529		4.7400		
2013-08-29	1.2614		4.7520		
2013-08-28	1.2595		4.7560		5.7040		
2013-08-27	1.2684		4.7540		5.6340		
2013-08-26	1.2685		4.7460		5.5830		
2013-08-25	2.5717		4.7480		
2013-08-23	1.2738		4.7360		
2013-08-22	1.2690		4.7370		
2013-08-21	1.2567		4.7380		5.3880		
2013-08-20	1.2539		4.7440		5.3150		
2013-08-19	1.2711		4.7550		5.2590		
2013-08-18	2.5503		4.7590		
2013-08-16	1.2748		4.7670		
2013-08-15	1.2714		4.7690		
2013-08-14	1.2672		4.6270		4.9980		
2013-08-13	1.2745		4.6150		4.9470		
2013-08-12	1.2784		4.5880		
2013-08-11	2.5651		4.5320		
2013-08-09	1.2782		4.4120		
2013-08-08	1.0122		4.3550		
2013-08-07	1.2440		4.4420		4.7180		
2013-08-06	1.2249		4.4120		4.6770		
2013-08-05	1.1772		4.3590		4.6400		
2013-08-04	2.3433		4.5390		
2013-08-02	1.1737		5.9040		
2013-08-01	1.1719		6.5930		
2013-07-31	1.1905		7.2730		4.4910		
2013-07-30	1.1266		7.5910		4.4620		
2013-07-29	1.5078		7.7000		4.4280		
2013-07-28	4.8310		8.3510		
2013-07-26	2.4176		8.8610		
2013-07-25	2.3929		8.6110		
2013-07-24	1.7576		8.3560		4.0100		
2013-07-23	1.3213		8.4780		3.9510		
2013-07-22	2.6640		9.3550		3.9210		
2013-07-21	5.7306		8.4550		
2013-07-19	1.9772		7.5840		
2013-07-18	1.9418		7.6470		
2013-07-17	1.9737		7.7110		3.4390		
2013-07-16	2.8660		7.7750		3.3990		
2013-07-15	1.0791		7.3200		3.3000		
2013-07-14	4.1826		7.9340		
2013-07-12	2.0895		7.9030		
2013-07-11	2.0562		7.2280		
2013-07-10	2.0886		6.2350		3.0300		
2013-07-09	2.0542		5.3400		2.9600		
2013-07-08	2.1723		4.2940		2.8920		
2013-07-07	4.1285		3.2340		
2013-07-05	0.8850		2.9540		
2013-07-04	0.2728		2.6430		
2013-07-03	0.4647		2.5660		2.7100		
2013-07-02	0.1398		2.5600		2.7350		
2013-07-01	0.2145		2.6300		
2013-06-30	3.6074		2.6050		
2013-06-28	0.3032		2.1480		
2013-06-27	0.1291		2.0160		
2013-06-26	0.4538		1.9900		2.7780		
2013-06-25	0.2704		1.9360		2.7990		
2013-06-24	0.1688		2.0820		2.8320		
2013-06-23	2.7516		2.2200		
2013-06-21	0.0535		1.1620		
2013-06-20	0.0804		1.3510		
2013-06-19	0.3527		1.5440		2.9200		
2013-06-18	0.5451		1.6870		2.9540		
2013-06-17	0.4283		1.7280		2.9770		
2013-06-16	0.7567		1.8310		
2013-06-14	0.4097		2.0900		
2013-06-13	0.4467		2.1880		
2013-06-12	3.1119		2.2560		3.1920		
2013-06-07	0.5935		2.4360		
2013-06-06	0.5728		2.4500		
2013-06-05	0.6249		2.5250		
2013-06-04	1.0027		2.5020		
2013-06-03	0.6042		2.5240		3.3400		
2013-06-02	1.2176		2.6370		
2013-05-31	0.6199		2.8670		
2013-05-30	0.7135		2.9750		
2013-05-29	0.5807		3.0230		3.3790		
2013-05-28	1.0454		3.1570		3.3790		
2013-05-27	0.8154		3.0500		3.3750		
2013-05-26	1.6466		3.1010		
2013-05-24	0.8209		3.1690		
2013-05-23	0.8028		3.2020		
2013-05-22	0.8297		3.4810		3.4260		
2013-05-21	0.8476		3.7020		3.4360		
2013-05-20	0.9100		3.9070		3.4440		
2013-05-19	1.7722		3.9220		
2013-05-17	0.8829		3.9800		
2013-05-16	1.3202		3.9980		
2013-05-15	1.2396		3.7880		3.4470		
2013-05-14	1.2263		3.6220		3.4320		
2013-05-13	0.9364		3.4540		3.4170		
2013-05-12	1.8808		3.4350		
2013-05-10	0.9147		3.3790		
2013-05-09	0.9323		3.3440		
2013-05-08	0.9336		3.3190		3.4350		
2013-05-07	0.9140		3.2740		3.4390		
2013-05-06	0.9016		3.2390		3.4430		
2013-05-05	1.7766		3.2120		
2013-05-03	0.8512		3.1700		
2013-05-02	0.8852		3.1680		3.4740		
2013-05-01	4.2496		3.1230		
2013-04-26	0.8477		3.2230		3.5150		
2013-04-25	0.8015		3.2480		3.5240		
2013-04-24	0.8198		3.3100		
2013-04-23	0.8782		3.3660		
2013-04-22	0.9015		3.6030		3.5540		
2013-04-21	1.8351		3.7370		
2013-04-19	0.8949		3.7540		3.5690		
2013-04-18	0.9154		3.9400		3.5750		
2013-04-17	0.9246		4.0520		
2013-04-16	1.3170		4.1330		
2013-04-15	1.1488		3.9250		
2013-04-14	1.8667		3.8010		
2013-04-12	1.2398		3.7220		
2013-04-11	1.1214		3.5160		
2013-04-10	1.0741		3.3750		
2013-04-09	0.9330		3.2600		
2013-04-08	0.9204		3.2580		3.5410		
2013-04-07	3.4385		3.2600		
2013-04-03	0.8602		2.7690		
2013-04-02	0.9295		2.8290		
2013-04-01	0.9253		2.8600		
2013-03-31	1.7762		2.8940		
2013-03-29	0.1691		2.9980		
2013-03-28	0.5790		3.4380		3.6690		
2013-03-27	0.9706		3.6570		
2013-03-26	0.9879		3.6660		
2013-03-25	0.9882		3.6660		
2013-03-24	1.9712		3.6660		
2013-03-22	0.9855		3.6680		
2013-03-21	0.9852		3.6690		
2013-03-20	0.9880		3.6700		
2013-03-19	0.9872		3.6670		
2013-03-18	0.9874		3.6680		
2013-03-17	1.9755		3.6690		
2013-03-15	0.9876		3.6710		
2013-03-14	0.9867		3.6810		
2013-03-13	0.9832		3.6830		
2013-03-12	0.9889		3.6870		
2013-03-11	0.9892		3.6890		
2013-03-10	1.9795		3.6900		
2013-03-08	1.0050		3.6940		
2013-03-07	0.9910		3.6870		
2013-03-06	0.9913		3.6880		
2013-03-05	0.9917		3.6900		
2013-03-04	0.9920		3.6900		
2013-03-03	1.9854		3.6890		
2013-03-01	0.9928		3.6870		
2013-02-28	0.9935		3.6860		
2013-02-27	0.9935		3.6850		
2013-02-26	0.9924		3.6840		
2013-02-25	0.9902		3.6840		
2013-02-24	1.9813		3.6850		
2013-02-22	0.9908		3.6870		
2013-02-21	0.9914		3.6880		
2013-02-20	0.9922		3.6890		
2013-02-19	0.9926		3.6900		
2013-02-18	0.9919		3.6900		
2013-02-17	8.9366		3.6900		
2013-02-08	0.9922		3.6960		
2013-02-07	0.9898		3.6980		
2013-02-06	0.9955		3.7020		
2013-02-05	0.9939		3.7030		
2013-02-04	0.9944		3.7050		
2013-02-03	1.9940		3.8020		
2013-02-01	0.9970		3.8410		
2013-01-31	0.9979		3.8770		
