2014-06-03	1.0702		3.8790		3.8180		
2014-06-02	3.2099		3.8190		
2014-05-30	1.0700		3.7340		3.8260		
2014-05-29	1.0632		3.7250		3.8260		
2014-05-28	1.0261		3.7180		3.8290		
2014-05-27	0.9547		3.7300		3.8400		
2014-05-26	0.9413		3.7780		3.8600		
2014-05-25	2.1056		3.8320		
2014-05-23	1.0525		3.8230		3.8810		
2014-05-22	1.0511		3.8180		
2014-05-21	1.0486		3.8190		3.8800		
2014-05-20	1.0458		3.8440		3.8770		
2014-05-19	1.0460		3.8670		3.8800		
2014-05-18	2.0876		3.8830		
2014-05-16	1.0436		3.9190		3.8690		
2014-05-15	1.0518		3.9360		3.8530		
2014-05-14	1.0969		3.9490		3.8510		
2014-05-13	1.0897		3.9460		3.8390		
2014-05-12	1.0775		3.9350		
2014-05-11	2.1557		3.9010		
2014-05-09	1.0776		3.8340		3.8190		
2014-05-08	1.0762		3.8000		
2014-05-07	1.0915		3.7670		
2014-05-06	1.0680		3.8390		3.7690		
2014-05-05	1.0132		3.8370		3.7610		
2014-05-04	4.0526		3.8220		
2014-04-30	1.2297		3.8360		3.7270		
2014-04-29	1.0635		3.7320		3.6940		
2014-04-28	0.9835		3.7150		3.6850		
2014-04-27	2.0285		3.7320		
2014-04-25	1.0120		3.7190		3.6820		
2014-04-24	1.0389		3.7470		3.6690		
2014-04-23	1.0313		3.7580		3.6670		
2014-04-22	1.0299		3.7340		3.6660		
2014-04-21	1.0176		3.7300		3.6960		
2014-04-20	2.0022		3.7020		
2014-04-18	1.0664		3.6670		3.7160		
2014-04-17	1.0606		3.6590		3.7550		
2014-04-16	0.9849		3.6030		3.7420		
2014-04-15	1.0220		3.6170		3.7520		
2014-04-14	0.9642		3.5890		3.7590		
2014-04-13	1.9340		3.5910		
2014-04-11	1.0517		3.5930		3.7480		
2014-04-10	0.9537		3.5990		3.7000		
2014-04-09	1.0110		3.6400		3.7400		
2014-04-08	0.9684		3.6460		3.7660		
2014-04-07	2.9051		3.7680		
2014-04-04	1.0648		3.9000		3.8020		
2014-04-03	1.0316		4.0060		3.8600		
2014-04-02	1.0214		3.9830		3.8880		
2014-04-01	1.2032		3.9930		3.9230		
2014-03-31	1.1316		3.9190		3.9140		
2014-03-30	2.0270		3.8010		
2014-03-28	1.2685		3.6140		3.8730		
2014-03-27	0.9873		3.4930		3.8060		
2014-03-26	1.0395		3.5980		3.7830		
2014-03-25	1.0627		3.6600		3.7880		
2014-03-24	0.9049		3.7080		3.7730		
2014-03-23	1.6683		3.7910		
2014-03-21	1.0357		4.0250		3.8500		
2014-03-20	1.1889		4.0820		4.0920		
2014-03-19	1.1588		4.0820		4.1250		
2014-03-18	1.1554		4.1150		4.1620		
2014-03-17	1.0623		4.1130		4.2000		
2014-03-16	2.1182		4.0260		
2014-03-14	1.1444		3.8630		
2014-03-13	1.1900		3.8440		4.3950		
2014-03-12	1.2214		3.6700		
2014-03-11	1.1524		3.5880		4.4870		
2014-03-10	0.8945		3.4970		4.5720		
2014-03-09	1.8059		3.7340		
2014-03-07	1.1077		4.1960		4.6620		
2014-03-06	0.8559		4.3520		4.8900		
2014-03-05	1.0639		4.6230		
2014-03-04	0.9788		4.7830		5.0790		
2014-03-03	1.3486		4.9880		5.1620		
2014-03-02	2.6920		4.9880		
2014-02-28	1.4068		4.9900		5.1650		
2014-02-27	1.3765		4.9880		5.1940		
2014-02-26	1.3700		4.9800		5.2040		
2014-02-25	1.3724		5.0890		5.2170		
2014-02-24	1.3489		5.2320		5.2310		
2014-02-23	2.6961		5.2650		
2014-02-21	1.4025		5.2370		
2014-02-20	1.3606		5.3310		5.2390		
2014-02-19	1.5798		5.4000		4.9940		
2014-02-18	1.6461		5.3640		5.0000		
2014-02-17	1.4121		5.2660		4.9310		
2014-02-16	2.6421		5.2410		
2014-02-14	1.5836		5.3110		4.8500		
2014-02-13	1.4929		5.1460		4.9010		
2014-02-12	1.5107		5.0190		4.9230		
2014-02-11	1.4585		4.8830		4.9220		
2014-02-10	1.3626		4.7750		4.8530		
2014-02-09	2.7780		4.7160		
2014-02-07	1.2661		4.5710		4.8540		
2014-02-06	8.7505		4.5630		
2014-01-30	1.2490		4.9950		5.0970		
2014-01-29	1.6136		5.1870		5.3430		
2014-01-28	1.2521		5.1300		5.3370		
2014-01-27	0.9418		5.0330		5.3890		
2014-01-26	2.3356		5.2540		
2014-01-24	2.1882		5.5610		5.5020		
2014-01-23	1.6173		5.1580		5.7060		
2014-01-22	1.5040		4.9290		5.6960		
2014-01-21	1.0649		4.9900		5.7320		
2014-01-20	1.3655		5.2890		
2014-01-19	2.9247		5.4130		
2014-01-17	1.4154		5.5400		5.8170		
2014-01-16	1.1785		5.6700		5.8100		
2014-01-15	1.6200		5.9130		5.9050		
2014-01-14	1.6382		5.8920		5.6880		
2014-01-13	1.6039		5.8460		5.4710		
2014-01-12	3.1689		5.8390		
2014-01-10	1.6647		6.1130		5.2630		
2014-01-09	1.6440		6.2910		5.0260		
2014-01-08	1.5800		6.3180		4.8100		
2014-01-07	1.5493		6.4060		4.6180		
2014-01-06	1.5902		6.2070		4.5710		
2014-01-05	3.6962		6.1990		
2014-01-03	2.0044		6.1340		4.4960		
2014-01-02	1.6975		5.4700		4.1500		
2014-01-01	1.7473		5.4830		
2013-12-31	1.1682		4.7670		
2013-12-30	1.5743		4.3590		4.0140		
2013-12-29	3.5726		3.7530		
2013-12-27	0.7305		3.5010		3.8410		
2013-12-26	1.7216		3.3170		3.7950		
2013-12-25	0.3757		2.6290		3.7300		
2013-12-24	0.3852		2.6800		3.7630		
2013-12-23	0.4110		3.1470		3.9290		
2013-12-22	3.0893		3.5370		
2013-12-20	0.3777		3.2220		3.9540		
2013-12-19	0.4037		3.6640		4.0030		
2013-12-18	0.4719		4.0770		4.1540		
2013-12-17	1.2817		4.4680		4.1740		
2013-12-16	1.1598		4.5360		4.0530		
2013-12-15	2.4850		4.2340		
2013-12-13	1.2241		4.3450		4.0700		
2013-12-12	1.1972		4.4040		4.1220		
2013-12-11	1.2202		4.4820		4.0080		
2013-12-10	1.4130		4.1430		3.8830		
2013-12-09	0.5807		4.1040		3.7270		
2013-12-08	2.6973		4.0900		
2013-12-06	1.3383		4.2820		3.8290		
2013-12-05	1.3460		3.9420		3.7420		
2013-12-04	0.5708		3.9030		3.7340		
2013-12-03	1.3376		3.9100		3.7020		
2013-12-02	0.5542		3.5180		3.6910		
2013-12-01	3.0647		3.8860		
2013-11-29	0.6863		3.6820		3.8130		
2013-11-28	1.2713		4.0210		3.8170		
2013-11-27	0.5845		3.6390		3.8120		
2013-11-26	0.5856		3.5950		3.9270		
2013-11-25	1.2599		3.5580		3.9970		
2013-11-24	2.6741		3.5120		
2013-11-22	1.3367		3.3480		
2013-11-21	0.5376		3.2620		
2013-11-20	0.5006		3.6610		4.0470		
2013-11-19	0.5144		3.6020		4.1880		
2013-11-18	1.1726		3.9970		4.3060		
2013-11-17	2.3592		4.0400		
2013-11-15	1.1713		4.1250		4.3100		
2013-11-14	1.3031		4.1670		4.2970		
2013-11-13	0.3869		4.1360		4.2750		
2013-11-12	1.2726		4.5840		4.3940		
2013-11-11	1.2546		4.4350		4.3600		
2013-11-10	2.5225		4.4120		
2013-11-08	1.2521		4.3740		4.3290		
2013-11-07	1.2439		4.3590		4.1990		
2013-11-06	1.2445		4.3430		4.1710		
2013-11-05	0.9885		4.3790		
2013-11-04	1.2102		4.4860		4.1680		
2013-11-03	2.4503		4.4770		
2013-11-01	1.2228		4.4150		4.1770		
2013-10-31	1.2119		4.3660		4.1710		
2013-10-30	1.3136		4.3460		4.1810		
2013-10-29	1.1952		4.2200		4.1960		
2013-10-28	1.1924		4.1590		4.1880		
2013-10-27	2.3318		4.0970		
2013-10-25	1.1274		3.9300		4.1790		
2013-10-24	1.1741		3.8710		4.1740		
2013-10-23	1.0725		3.8240		4.1660		
2013-10-22	1.0777		3.8710		4.1840		
2013-10-21	1.0743		3.8590		4.2170		
2013-10-20	2.0107		3.9570		
2013-10-18	1.0145		4.1750		4.2910		
2013-10-17	1.0830		4.2770		
2013-10-16	1.1644		4.3750		4.4090		
2013-10-15	1.0545		4.4980		4.4360		
2013-10-14	1.2607		4.5750		4.4600		
2013-10-13	2.4292		4.5430		
2013-10-11	1.2102		4.5260		4.4530		
2013-10-10	1.2705		4.5200		4.4570		
2013-10-09	1.4003		4.4820		4.4400		
2013-10-08	1.2039		4.3770		
2013-10-07	8.3889		4.3740		
2013-09-30	1.1982		4.4310		4.3150		
2013-09-29	2.4015		4.4260		
2013-09-27	1.1932		4.4080		4.2890		
2013-09-26	1.1936		4.4030		4.2660		
2013-09-25	1.3174		4.3970		4.2720		
2013-09-24	1.1935		4.3260		4.2360		
2013-09-23	1.1889		4.3140		4.2240		
2013-09-22	4.7332		4.2490		
2013-09-18	1.1801		4.1330		4.2130		
2013-09-17	1.1712		4.0990		4.1870		
2013-09-16	1.0638		4.1390		4.1790		
2013-09-15	2.2592		4.1920		
2013-09-13	1.1277		4.2170		4.1710		
2013-09-12	1.1234		4.2300		4.2820		
2013-09-11	1.1163		4.2870		4.3210		
2013-09-10	1.2482		4.2830		4.3460		
2013-09-09	1.1655		4.2190		4.3560		
2013-09-08	2.3054		4.2110		
2013-09-06	1.1544		4.2090		4.3940		
2013-09-05	1.2325		4.2050		4.7210		
2013-09-04	1.1084		4.1580		4.6170		
2013-09-03	1.1242		4.1780		4.6550		
2013-09-02	1.1504		4.1800		
2013-09-01	2.3024		4.1100		
2013-08-30	1.1463		4.3090		4.5510		
2013-08-29	1.1433		4.4110		4.7360		
2013-08-28	1.1456		4.5180		4.7580		
2013-08-27	1.1282		4.5780		4.6050		
2013-08-26	1.0161		4.6700		4.6320		
2013-08-25	2.6839		4.8610		
2013-08-23	1.3421		5.3530		4.6790		
2013-08-22	1.3489		5.5470		4.6540		
2013-08-21	1.2608		5.1740		4.6440		
2013-08-20	1.3039		5.2100		4.6490		
2013-08-19	1.3827		5.2230		4.6470		
2013-08-18	3.6283		4.6830		
2013-08-16	1.7143		4.3650		4.6300		
2013-08-15	0.6337		4.2490		4.3520		
2013-08-14	1.3288		4.5810		4.4910		
2013-08-13	1.3289		4.0260		4.3000		
2013-08-12	0.3476		4.0030		4.3030		
2013-08-11	3.0176		4.4930		
2013-08-09	1.4925		4.2690		4.4740		
2013-08-08	1.2698		4.1650		4.3550		
2013-08-07	0.2646		4.1760		4.3750		
2013-08-06	1.2852		4.7110		4.6720		
2013-08-05	1.2866		4.7160		4.7000		
2013-08-04	2.5886		4.7130		
2013-08-02	1.2933		4.6650		4.6760		
2013-08-01	1.2913		4.6400		4.5810		
2013-07-31	1.2903		4.7160		4.5940		
2013-07-30	1.2944		4.1630		4.5880		
2013-07-29	1.2816		4.1890		4.6360		
2013-07-28	2.4958		4.2150		
2013-07-26	1.2455		4.3100		4.6290		
2013-07-25	1.4368		4.2590		4.6270		
2013-07-24	0.2292		4.2340		4.5910		
2013-07-23	1.3451		5.1420		4.7640		
2013-07-22	1.3315		5.1950		4.7200		
2013-07-21	2.6785		5.1010		
2013-07-19	1.1467		5.0140		4.7310		
2013-07-18	1.3886		4.8430		4.7900		
2013-07-17	1.9704		4.8310		4.7890		
2013-07-16	1.4477		4.4590		4.6590		
2013-07-15	1.1502		4.5230		4.5200		
2013-07-14	2.5121		4.5710		
2013-07-12	0.8193		4.5550		4.4560		
2013-07-11	1.3651		4.7800		4.2410		
2013-07-10	1.2566		4.7080		4.0920		
2013-07-09	1.5702		4.6920		4.0020		
2013-07-08	1.2436		4.4420		3.8860		
2013-07-07	2.4806		4.5200		
2013-07-05	1.2516		4.6810		
2013-07-04	1.2268		4.7470		4.3130		
2013-07-03	1.2246		4.8280		4.3040		
2013-07-02	1.0917		4.8270		4.2960		
2013-07-01	1.3936		4.5960		4.3130		
2013-06-30	2.7884		4.2770		
2013-06-28	1.3784		3.5540		4.2070		
2013-06-27	1.3827		3.1970		3.7120		
2013-06-26	1.2230		2.7390		3.6110		
2013-06-25	0.6477		2.4870		3.5380		
2013-06-24	0.7831		2.6200		3.5650		
2013-06-23	1.4013		2.7340		
2013-06-21	0.6936		3.4070		3.5700		
2013-06-20	0.5050		4.9940		3.6290		
2013-06-19	0.7394		5.1840		3.6830		
2013-06-18	0.9030		5.2140		3.6970		
2013-06-17	1.0007		5.1590		3.8720		
2013-06-16	2.6927		5.0530		
2013-06-14	3.7359		4.4800		3.8400		
2013-06-13	0.8705		2.9460		3.1450		
2013-06-12	3.9845		2.9100		
2013-06-07	0.7953		2.9390		3.1060		
2013-06-06	0.8012		2.9480		
2013-06-05	0.8013		2.9550		3.1060		
2013-06-04	0.8025		2.9640		3.0900		
2013-06-03	0.8100		3.5430		3.1880		
2013-06-02	1.6259		3.5460		
2013-05-30	0.8151		3.5420		3.1580		
2013-05-29	0.8175		3.5420		3.1490		
2013-05-28	1.9131		3.5370		3.1530		
2013-05-27	0.8160		2.9600		2.9550		
2013-05-26	1.6229		2.9340		
2013-05-24	0.8083		2.8800		2.9530		
2013-05-23	0.8141		2.8530		2.9700		
2013-05-22	0.8082		2.8210		2.9700		
2013-05-21	0.8064		2.7710		2.9710		
2013-05-20	0.7672		3.0600		2.9730		
2013-05-19	1.5184		3.0610		
2013-05-17	0.7576		3.0730		2.9870		
2013-05-16	0.7517		3.0790		3.0340		
2013-05-15	0.7120		3.0850		3.0430		
2013-05-14	1.3623		3.1500		3.3500		
2013-05-13	0.7675		2.8440		3.2570		
2013-05-12	1.5416		2.8630		
2013-05-10	0.7706		2.9440		3.2670		
2013-05-09	0.7631		2.9790		3.2940		
2013-05-08	0.8366		3.0180		3.3040		
2013-05-07	0.7750		3.0160		3.2970		
2013-05-06	0.8043		3.0460		3.2830		
2013-05-05	1.6958		3.0610		
2013-05-03	0.8377		3.0460		3.2860		
2013-05-02	0.8381		3.0420		3.2510		
2013-05-01	4.1662		3.0260		
2013-04-26	0.8306		3.8650		3.2600		
2013-04-25	0.8074		3.8610		3.3380		
2013-04-24	2.4748		3.8660		3.3540		
2013-04-23	0.8277		2.9920		3.0340		
2013-04-22	0.8243		2.9240		3.0440		
2013-04-21	1.6466		2.9200		
2013-04-19	0.8233		2.8690		3.0590		
2013-04-18	0.8185		2.8500		3.0930		
2013-04-17	0.7978		2.8900		3.1100		
2013-04-16	0.6966		2.9400		3.3040		
2013-04-15	0.8181		3.0400		3.3410		
2013-04-14	1.5470		3.0740		
2013-04-12	0.7873		3.1670		3.3430		
2013-04-11	0.8957		3.2070		3.3350		
2013-04-10	0.8931		3.1900		3.3400		
2013-04-09	0.8889		3.1710		3.6370		
2013-04-08	0.8826		3.1700		3.6370		
2013-04-07	3.4525		3.1840		
2013-04-03	0.8583		3.2500		3.5750		
2013-04-02	0.8857		3.7990		3.8600		
2013-04-01	0.9106		3.8130		3.8490		
2013-03-31	1.7777		3.7700		
2013-03-29	0.8845		3.6350		3.8220		
2013-03-28	0.9159		3.5770		3.7670		
2013-03-27	1.9122		3.5810		3.7400		
2013-03-26	0.9121		3.9390		4.0010		
2013-03-25	0.8280		3.9300		
2013-03-24	1.5178		3.9500		
2013-03-22	0.7733		4.0730		3.9720		
2013-03-21	0.9246		4.1240		3.9990		
2013-03-20	2.5982		4.1380		3.9830		
2013-03-19	0.8930		3.8410		3.9860		
2013-03-18	0.8684		3.8050		3.9980		
2013-03-17	1.7530		3.7470		
2013-03-15	0.8718		3.6470		4.0050		
2013-03-14	0.9507		3.6000		
2013-03-13	2.0292		3.5000		3.9810		
2013-03-12	0.8244		4.2240		3.7660		
2013-03-11	0.7569		4.1660		3.7720		
2013-03-10	1.5612		4.2190		
2013-03-08	0.7811		4.2560		3.8230		
2013-03-07	0.7598		4.2750		3.9950		
2013-03-06	3.4182		4.3110		4.0710		
2013-03-05	0.7123		3.8940		3.5110		
2013-03-04	0.8580		4.0230		3.5760		
2013-03-03	1.6332		4.0500		
2013-03-01	0.8162		4.1000		3.8450		
2013-02-28	0.8292		4.1410		3.5950		
2013-02-27	2.6185		4.1320		3.8300		
2013-02-26	0.9609		3.1810		3.5080		
2013-02-25	0.9082		3.1280		3.4560		
2013-02-24	1.7303		3.6400		
2013-02-22	0.8944		3.6120		3.4150		
2013-02-21	0.8127		3.5830		3.6440		
2013-02-20	0.7932		3.5970		3.6230		
2013-02-19	0.8598		3.6210		3.6320		
2013-02-18	1.8900		3.6100		3.6480		
2013-02-17	7.5491		3.0620		
2013-02-08	0.8361		3.4110		4.2730		
2013-02-07	2.1794		4.2880		4.6940		
2013-02-06	0.7676		3.5130		4.6600		
2013-02-05	0.6655		3.5530		4.6730		
2013-02-04	0.6718		3.7040		4.8600		
2013-02-03	1.4212		3.8000		
2013-02-01	2.5185		3.9450		4.8880		
2013-01-31	0.6918		3.0740		4.6370		
2013-01-30	0.8444		4.9440		4.6600		
2013-01-29	0.9552		4.9600		4.6600		
2013-01-28	0.8567		4.9180		5.5620		
2013-01-27	1.6986		6.6860		
2013-01-25	0.8486		6.7110		5.9620		
2013-01-24	4.2787		6.7200		6.4390		
2013-01-23	0.8748		5.5230		5.8990		
2013-01-22	0.8739		5.5070		6.0680		
2013-01-21	4.2484		5.9600		5.6940		
2013-01-20	1.7458		4.1780		
2013-01-18	0.8660		4.1360		4.6820		
2013-01-17	1.9832		4.1170		4.6200		
2013-01-16	0.8440		3.5120		4.4080		
2013-01-15	1.7428		3.5130		4.5800		
2013-01-14	0.8310		5.8080		4.5800		
2013-01-13	1.6656		7.0200		
2013-01-11	0.8296		6.9710		4.5930		
2013-01-10	0.8216		6.9460		4.6270		
2013-01-09	0.8463		6.9230		4.0920		
2013-01-08	6.1448		6.8860		4.6550		
2013-01-07	3.1558		4.0870		4.0920		
2013-01-06	1.5704		2.8470		
2013-01-04	0.7827		2.8110		3.6840		
2013-01-03	2.3293		2.7960		
2012-12-31	0.7784		3.8460		3.8320		
2012-12-30	1.5004		3.9110		
2012-12-28	0.7540		4.0630		3.9800		
2012-12-27	0.7623		4.1390		4.0080		
2012-12-26	0.7393		4.2170		4.0720		
2012-12-25	2.8416		4.3110		4.0790		
2012-12-24	0.9025		4.3420		3.7760		
2012-12-23	1.7925		4.2940		
2012-12-21	0.8989		4.2110		3.7560		
2012-12-20	0.9121		4.1670		3.6960		
2012-12-19	0.9198		4.1120		3.6750		
2012-12-18	2.9008		4.5560		3.6490		
2012-12-17	0.8117		3.7370		3.6670		
2012-12-16	1.6317		3.7360		
2012-12-14	0.8161		3.7240		3.2420		
2012-12-13	0.8057		3.7190		3.2420		
2012-12-12	1.7718		3.8870		3.2420		
2012-12-11	1.3296		3.3710		3.2420		
2012-12-10	0.8099		3.2480		3.2420		
2012-12-09	1.6086		3.2360		3.2420		
2012-12-07	0.8058		3.2130		3.2420		
2012-12-06	1.1293		3.2020		3.2420		
2012-12-05	0.7825		3.0250		3.2420		
2012-12-04	1.0928		3.0180		3.2420		
2012-12-03	0.7878		4.0150		
2012-12-02	1.5647		4.0350		
2012-11-30	0.7843		4.0820		3.2420		
2012-11-29	0.7891		4.2430		3.2420		
2012-11-28	0.7703		4.4930		3.2420		
2012-11-27	3.0039		4.5330		3.2420		
2012-11-26	0.8270		3.3970		3.2420		
2012-11-25	1.6538		3.3940		
2012-11-23	1.0938		3.3850		
2012-11-22	1.2688		3.3370		
2012-11-16	1.0028		3.1380		
