2014-06-03	1.1369		3.7090		3.7090		
2014-06-02	2.9484		3.6200		3.6200		
2014-05-30	0.9834		3.6370		3.6370		
2014-05-29	0.9563		3.6470		3.6470		
2014-05-28	0.9603		3.7470		3.7470		
2014-05-27	0.9711		4.3420		4.3420		
2014-05-26	0.9896		6.6710		6.6710		
2014-05-25	1.9903		6.7360		6.7360		
2014-05-23	1.0033		6.6890		6.6890		
2014-05-22	1.1404		6.6650		6.6650		
2014-05-21	2.0578		7.9870		7.9870		
2014-05-20	5.2048		7.5100		7.5100		
2014-05-19	1.1076		5.1220		5.1220		
2014-05-18	1.9059		5.0740		5.0740		
2014-05-16	0.9597		5.0800		5.0800		
2014-05-15	3.5025		5.7710		5.7710		
2014-05-14	1.2097		4.3870		4.3870		
2014-05-13	0.8960		4.2570		4.2570		
2014-05-12	1.0196		4.2860		4.2860		
2014-05-11	1.9159		4.2680		
2014-05-09	2.2176		4.2950		4.2950		
2014-05-08	0.9751		3.6260		3.6260		
2014-05-07	0.9709		3.6300		3.6300		
2014-05-06	0.9495		3.6340		3.6340		
2014-05-05	0.9876		3.8050		3.8050		
2014-05-04	3.9299		3.8370		3.8370		
2014-04-30	0.9782		4.0280		4.0280		
2014-04-29	1.2661		4.0580		4.0580		
2014-04-28	1.0476		3.9330		3.9330		
2014-04-27	1.9486		4.1600		4.1600		
2014-04-25	1.2423		4.2500		4.2500		
2014-04-24	1.0915		4.4020		4.4020		
2014-04-23	1.0330		4.7230		4.7230		
2014-04-22	1.0352		5.1120		5.1120		
2014-04-21	1.4656		5.0970		5.0970		
2014-04-20	2.1155		4.8340		4.8340		
2014-04-18	1.5219		4.7340		4.7340		
2014-04-17	1.6793		4.4350		4.4350		
2014-04-16	1.7445		4.0880		4.0880		
2014-04-15	1.0086		3.7080		3.7080		
2014-04-14	0.9853		3.7570		3.7570		
2014-04-13	1.9318		3.7960		3.7960		
2014-04-11	0.9736		3.8940		3.8940		
2014-04-10	1.0411		3.9370		3.9370		
2014-04-09	1.0432		3.8940		3.8940		
2014-04-08	1.0988		4.7050		4.7050		
2014-04-07	3.1691		6.2290		6.2290		
2014-04-04	1.0530		7.7480		7.7480		
2014-04-03	0.9623		8.3400		8.3400		
2014-04-02	2.5356		9.3790		9.3790		
2014-04-01	3.8706		8.4960		8.5000		
2014-03-31	3.6865		6.9040		6.9040		
2014-03-30	2.2055		5.7090		5.7090		
2014-03-28	2.1036		5.4730		5.4730		
2014-03-27	2.7940		4.8370		4.8370		
2014-03-26	0.9811		3.8640		3.8640		
2014-03-25	1.0334		3.8610		3.8610		
2014-03-24	1.5307		3.8560		3.8560		
2014-03-23	1.7777		4.0030		4.0030		
2014-03-21	0.9422		4.1370		4.1370		
2014-03-20	1.0064		4.1700		4.1700		
2014-03-19	0.9752		4.1570		4.1570		
2014-03-18	1.0243		4.1640		4.1640		
2014-03-17	1.8025		4.2280		4.2280		
2014-03-16	2.0234		4.0250		4.0250		
2014-03-14	1.0032		4.1510		
2014-03-13	0.9831		4.1840		4.1840		
2014-03-12	0.9877		4.3370		4.3370		
2014-03-11	1.1420		4.4070		4.4070		
2014-03-10	1.4285		4.4030		4.4030		
2014-03-09	2.2560		4.2710		4.2710		
2014-03-07	1.0637		4.4040		4.4040		
2014-03-06	1.2655		4.5060		4.5060		
2014-03-05	1.1149		4.7500		4.7500		
2014-03-04	1.1358		4.8260		4.8260		
2014-03-03	1.1855		5.3970		5.3970		
2014-03-02	2.5000		5.4500		5.4500		
2014-02-28	1.2506		5.5310		5.5310		
2014-02-27	1.7137		5.5690		5.5690		
2014-02-26	1.2537		5.6550		5.6550		
2014-02-25	2.1773		5.6550		5.6550		
2014-02-24	1.2832		5.1530		5.1530		
2014-02-23	2.6474		5.1700		5.1700		
2014-02-21	1.3197		5.1530		5.1530		
2014-02-20	1.8692		5.1820		5.1820		
2014-02-19	1.2528		4.8780		4.8780		
2014-02-18	1.2644		4.8980		4.8980		
2014-02-17	1.3148		4.9790		4.9790		
2014-02-16	2.6157		5.1120		5.1120		
2014-02-14	1.3727		5.4890		5.4890		
2014-02-13	1.3141		5.6400		5.6400		
2014-02-12	1.2898		5.8210		5.8210		
2014-02-11	1.4114		6.0150		6.0150		
2014-02-10	1.5583		6.1420		6.1420		
2014-02-09	3.3019		6.1880		6.1880		
2014-02-07	1.6486		6.1780		6.1780		
2014-02-06	11.492		6.1750		6.1750		
2014-01-30	1.6386		6.0140		6.0140		
2014-01-29	1.5264		5.9710		5.9710		
2014-01-28	1.5576		5.9500		5.9500		
2014-01-27	1.6286		5.9680		5.9680		
2014-01-26	3.2357		5.8920		5.8920		
2014-01-24	1.6137		5.7500		5.7500		
2014-01-23	1.5616		5.6850		5.6850		
2014-01-22	1.4885		5.8080		5.8080		
2014-01-21	1.5897		5.8160		5.8160		
2014-01-20	1.4919		5.7600		5.7600		
2014-01-19	2.9777		5.7550		5.7550		
2014-01-17	1.4952		5.7610		5.7610		
2014-01-16	1.7842		5.7610		5.7610		
2014-01-15	1.5039		5.5850		5.5850		
2014-01-14	1.4877		5.5690		5.5690		
2014-01-13	1.4834		5.5430		5.5430		
2014-01-12	2.9890		5.5690		5.5690		
2014-01-10	1.4938		5.4860		5.4860		
2014-01-09	1.4651		5.4490		5.4490		
2014-01-08	1.4753		5.5250		5.5250		
2014-01-07	1.4410		5.5630		5.5630		
2014-01-06	1.5295		5.6190		5.6190		
2014-01-05	2.8382		5.6130		5.6130		
2014-01-03	1.4265		5.8100		5.8100		
2014-01-02	1.6045		5.8860		5.8860		
2014-01-01	1.5435		5.8520		5.8520		
2013-12-31	1.5434		5.8450		5.8450		
2013-12-30	1.5181		5.8480		5.8480		
2013-12-29	3.1956		5.8420		5.8420		
2013-12-27	1.5643		5.7500		5.7500		
2013-12-26	1.5429		5.7230		5.7230		
2013-12-25	1.5310		5.6980		5.6980		
2013-12-24	1.5490		5.6690		5.6690		
2013-12-23	1.5072		5.5830		5.5830		
2013-12-22	3.0292		5.5280		5.5280		
2013-12-20	1.5140		5.3950		5.3950		
2013-12-19	1.4981		5.3300		5.3300		
2013-12-18	1.4790		5.2670		5.2670		
2013-12-17	1.3916		5.2010		5.2010		
2013-12-16	1.4070		5.2030		5.2030		
2013-12-15	2.7890		5.2040		5.2040		
2013-12-13	1.3941		5.2080		5.2080		
2013-12-12	1.3840		5.2090		5.2090		
2013-12-11	1.3584		5.1910		5.1910		
2013-12-10	1.3965		5.1350		5.1350		
2013-12-09	1.4083		5.0980		
2013-12-08	2.7953		5.0680		
2013-12-06	1.3974		5.0150		
2013-12-05	1.3500		4.9880		
2013-12-04	1.2570		4.9780		
2013-12-03	1.3286		5.0110		
2013-12-02	1.3530		5.0090		
2013-12-01	2.6986		4.9870		
2013-11-29	1.3488		4.9240		
2013-11-28	1.3310		4.8930		
2013-11-27	1.3169		4.8730		
2013-11-26	1.3257		4.8400		
2013-11-25	1.3133		4.8010		
2013-11-24	2.5826		4.7700		
2013-11-22	1.2924		4.7060		
2013-11-21	1.2955		4.6720		
2013-11-20	1.2550		4.6230		
2013-11-19	1.2555		4.5850		
2013-11-18	1.2569		4.5630		
2013-11-17	2.4640		4.5410		
2013-11-15	1.2311		4.5260		
2013-11-14	1.2045		4.5200		
2013-11-13	1.1864		4.5320		
2013-11-12	1.2140		4.5420		
2013-11-11	1.2180		4.5610		
2013-11-10	2.4356		4.5800		
2013-11-08	1.2198		4.6440		
2013-11-07	1.2267		4.6760		
2013-11-06	1.2050		4.7060		
2013-11-05	1.2497		4.7160		
2013-11-04	1.2514		4.6710		
2013-11-03	2.5539		4.5890		
2013-11-01	1.2783		4.3620		
2013-10-31	1.2819		4.3120		
2013-10-30	1.2233		4.2020		
2013-10-29	1.1678		4.0810		
2013-10-28	1.1011		3.9920		
2013-10-27	2.1363		3.8960		
2013-10-25	1.1865		3.6990		
2013-10-24	1.0794		3.5950		
2013-10-23	1.0010		3.5310		
2013-10-22	1.0027		3.4240		
2013-10-21	0.9244		3.5100		
2013-10-20	1.7717		3.6500		
2013-10-18	0.9938		3.9800		
2013-10-17	0.9622		4.0900		
2013-10-16	0.8022		4.2220		
2013-10-15	1.1622		4.3560		
2013-10-14	1.1835		4.4230		
2013-10-13	2.3822		4.4780		
2013-10-11	1.1963		4.5820		
2013-10-10	1.2043		4.6310		
2013-10-09	1.0483		4.6760		
2013-10-08	1.2855		4.8060		
2013-10-07	9.0046		4.8070		
2013-09-30	1.2871		4.8120		
2013-09-29	2.5749		4.8130		
2013-09-27	1.2877		4.8140		
2013-09-26	1.2879		4.8150		
2013-09-25	1.2881		4.8160		
2013-09-24	1.2883		4.8170		
2013-09-23	1.2885		4.9150		
2013-09-22	5.1559		4.9310		
2013-09-18	1.2894		5.1600		
